ncols         100
nrows         100
xllcorner     -477096.84122662
yllcorner     -1085068.0878617
cellsize      5
NODATA_value  -9999 
249.3682 250.007 250.8287 251.6906 252.6138 253.537 254.4602 255 255 255 255 255 255 255 255 255 255 255 255 255 255 254.9694 254.1986 253.1826 252.1666 251.1507 250.1347 249.3422 248.5839 247.8255 247.4198 247.3617 247.3402 247.3187 247.2971 247.2824 247.3543 247.9513 248.7144 249.4776 250.2828 251.1794 252.076 252.9726 253.8692 254.7658 255.2813 255.6731 256.0648 256.4566 256.8484 257.2434 257.6503 258.0572 258.4641 258.8711 259.278 259.6849 260 259.9244 259.7842 259.644 259.5038 259.3636 259.2234 259.0325 258.6571 258.2818 257.8232 257.349 256.8748 256.4005 255.9264 255.4521 254.9827 254.6109 254.2392 253.8674 253.4956 253.1238 252.5975 251.9994 251.4012 250.8031 250.205 250 250 249.956 249.7349 249.5139 249.2928 249.0717 248.8506 248.6295 248.4084 248.1874 247.9663 247.7987 247.9504 248.1021 
249.7074 250.4443 251.266 252.0924 253.0156 253.9388 254.862 255 255 255 255 255 255 255 255 255 255 255 255 255 255 254.4994 253.7968 252.8961 251.8802 250.8642 249.8867 249.1284 248.37 247.6117 247.0225 246.7984 246.7768 246.7553 246.7337 246.7716 246.8829 247.6461 248.4092 249.1876 250.1223 251.0261 251.9299 252.8337 253.7375 254.753 255.7042 256.2276 256.7386 257.2307 257.6377 258.0446 258.4515 258.8584 259.2654 259.6723 260 260 260 260 260 260 259.9943 259.8541 259.7138 259.453 259.0219 258.5477 258.0735 257.5993 257.1251 256.6509 256.1767 255.7025 255.2283 254.8072 254.4354 254.0636 253.6837 253.0856 252.4875 251.8894 251.2913 250.6932 250.0951 250 249.8647 249.6436 249.4225 249.2015 248.9804 248.7593 248.5382 248.3172 248.0961 247.875 247.6539 247.4328 247.5319 247.6836 
250.06 250.8816 251.7032 252.5249 253.4173 254.3405 255 255 255 255 255 255 255 255 255 255 255 255 255 255 254.7319 254.0294 253.3268 252.6097 251.5937 250.5777 249.6729 248.9145 248.1562 247.3979 246.6395 246.3259 246.2134 246.1919 246.189 246.2609 246.5777 247.3408 248.1469 249.0864 250.0249 250.9287 251.8325 252.737 253.7812 254.8254 255.7682 256.6241 257.135 257.646 258.1569 258.6678 259.1787 259.6597 260 260 260 260 260 260 260 260 260 260 260 259.7544 259.2769 258.7994 258.3238 257.8496 257.3754 256.9012 256.427 255.9528 255.4786 255.0044 254.6317 254.1719 253.5738 252.9757 252.3776 251.7795 251.1814 250.5832 249.9945 249.7734 249.5523 249.3312 249.1102 248.8891 248.668 248.4469 248.2258 248.0048 247.7837 247.5626 247.3415 247.1205 247.1134 247.2651 
250.4972 251.3189 252.1405 252.9621 253.819 254.7422 255 255 255 255 255 255 255 255 255 255 255 255 255 254.7804 254.2147 253.5593 252.8567 252.1542 251.3072 250.2912 249.459 248.7007 247.9424 247.184 246.4257 245.9285 245.6501 245.6285 245.6782 245.7501 246.2724 247.1061 248.0456 248.9851 249.9246 250.8313 251.7652 252.8094 253.8536 254.8978 255.8322 256.7546 257.5315 258.0424 258.5534 259.0643 259.5753 260 260 260 260 260 260 260 260 260 260 260 260 260 259.558 259.0806 258.6031 258.1256 257.6482 257.1707 256.6932 256.2158 255.7383 255.2608 254.6981 254.1188 253.5395 252.9602 252.3809 251.8016 251.2223 250.6385 250.0364 249.5707 249.2532 249.0189 248.7978 248.5767 248.3556 248.1345 247.9135 247.6924 247.4713 247.2502 247.0291 246.8081 246.6949 246.8466 
250.9345 251.7561 252.5778 253.3994 254.221 255 255 255 255 255 255 255 255 255 255 255 255 255 254.5995 254.129 253.5651 252.9492 252.3332 251.6841 250.9816 250.0047 249.2452 248.4869 247.7285 246.9702 246.2119 245.5311 245.2319 245.0955 245.1674 245.2393 246.0653 247.0048 247.9443 248.8839 249.8234 250.7935 251.8376 252.8818 253.926 254.9702 255.8961 256.8186 257.741 258.439 258.9499 259.4608 259.9717 260 260 260 260 260 260 260 260 260 260 260 260 260 259.8392 259.3617 258.8842 258.4068 257.9293 257.4518 256.9744 256.4969 256.0194 255.4068 254.7761 254.1968 253.6175 253.0382 252.4589 251.8796 251.2919 250.6898 250.0878 249.6097 249.1528 248.751 248.5123 248.2736 248.0432 247.8222 247.6011 247.38 247.1589 246.9378 246.7168 246.4957 246.2764 246.4281 
251.3718 252.1934 253.015 253.8367 254.6583 255 255 255 255 255 255 255 255 255 255 255 254.8891 254.4186 253.948 253.4775 252.9154 252.2995 251.6836 251.0676 250.4517 249.7897 249.0314 248.2731 247.5147 246.7564 245.998 245.2397 245 245 245 245 245.8035 246.7344 247.6654 248.5964 249.7663 250.8659 251.91 252.9542 253.9984 255.0376 255.9601 256.8825 257.805 258.7274 259.3464 259.8573 260 260 260 260 260 260 260 260 260 260 260 260 260 260 260 259.6429 259.1654 258.6879 258.2104 257.733 257.2555 256.778 256.159 255.496 254.8542 254.2749 253.6955 253.1162 252.5369 251.9454 251.3433 250.7412 250.1391 249.6487 249.1918 248.7349 248.278 248.0102 247.7715 247.5328 247.2941 247.0676 246.8465 246.6255 246.4044 246.1833 245.9622 246.0096 
251.3697 252.1811 252.9925 253.8039 254.6152 255 255 255 255 255 255 255 255 255 255 254.7082 254.2377 253.7671 253.2966 252.826 252.2657 251.6498 251.0339 250.418 249.8313 249.213 248.4609 247.7089 246.9568 246.2047 245.4527 245 245 245 245 245 245.4236 246.3546 247.2856 248.5222 249.8478 250.934 251.9825 253.0266 254.0708 255.1243 256.1328 257.0144 257.8961 258.7914 259.7138 260 260 260 260 260 260 260 260 260 260 260 260 260 260 260 260 259.924 259.4465 258.9691 258.4916 258.0141 257.5367 256.9112 256.2482 255.5853 254.9322 254.3529 253.7736 253.1942 252.5988 251.9967 251.3946 250.7925 250.1904 249.6876 249.2308 248.7739 248.317 247.8601 247.508 247.2693 247.0306 246.7919 246.5532 246.3145 246.092 245.8709 245.6498 245.5911 
251.403 252.0969 252.9083 253.7197 254.531 255 255 255 255 255 255 255 255 255 254.6221 254.0567 253.5862 253.1156 252.6451 252.1745 251.6161 251.0001 250.3842 249.8025 249.2775 248.6294 247.8773 247.1253 246.3732 245.6211 245 245 245 245 245 245 245.0438 245.9747 247.2781 248.6037 249.9294 250.9989 252.0541 253.0991 254.1432 255.2025 256.3306 257.3216 258.2032 259.0849 259.9665 260 260 260 260 260 260 260 260 260 260 260 260 260 260 260 260 260 259.7277 259.2502 258.7727 258.2953 257.6634 257.0004 256.3375 255.6746 255.0117 254.4309 253.8516 253.2522 252.6501 252.048 251.446 250.8439 250.2418 249.7266 249.2697 248.8128 248.356 247.8991 247.4422 247.0059 246.7672 246.5284 246.2897 246.051 245.8123 245.5736 245.3374 245.1726 
251.6274 252.1902 252.8241 253.6355 254.4468 255 255 255 255 255 255 255 255 254.7453 254.1547 253.5642 252.9736 252.4642 251.9936 251.5231 250.9664 250.3505 249.7737 249.2487 248.7237 248.0458 247.2937 246.5416 245.7896 245.0375 245 245 245 245 245 245 245 246.034 247.3596 248.6853 250.0087 251.0638 252.119 253.1715 254.2157 255.2807 256.4088 257.537 258.5104 259.3921 260 260 260 260 260 260 260 260 260 260 260 260 260 260 260 260 260 260 260 259.5313 259.0539 258.4156 257.7527 257.0897 256.4268 255.7639 255.101 254.5077 253.9057 253.3036 252.7015 252.0994 251.4973 250.8952 250.2932 249.7656 249.3087 248.8518 248.3949 247.938 247.4812 247.0243 246.5674 246.265 246.0263 245.7876 245.5489 245.3102 245.0715 245 
251.8519 252.4147 252.9775 253.5512 254.3626 255 255 255 255 255 255 255 254.8685 254.2779 253.6874 253.0968 252.5063 251.9158 251.3422 250.8716 250.3167 249.745 249.22 248.695 248.17 247.4621 246.7101 245.958 245.206 245 245 245 245 245 245 245 245 246.116 247.4412 248.7668 250.0736 251.1288 252.1839 253.2391 254.2881 255.359 256.4871 257.6152 258.7433 259.6992 260 260 260 260 260 260 260 260 260 260 260 260 260 260 260 260 260 260 260 259.8125 259.1678 258.5049 257.8419 257.1687 256.495 255.8213 255.1477 254.5386 253.9477 253.3549 252.7528 252.1508 251.5487 250.9466 250.3445 249.8045 249.3477 248.8908 248.4339 247.977 247.5201 247.0632 246.6064 246.1495 245.7628 245.5241 245.2854 245.0467 245 245 
252.0764 252.6392 253.202 253.7647 254.3275 255 255 255 255 255 255 254.9916 254.4011 253.8106 253.22 252.6295 252.0389 251.4484 250.8579 250.2673 249.7162 249.1912 248.6662 248.1412 247.6162 246.8785 246.1265 245.3744 245 245 245 245 245 245 245 245 245 246.1992 247.5228 248.8483 250.1385 251.1936 252.2488 253.304 254.3591 255.4372 256.5653 257.6934 258.8216 259.9514 260 260 260 260 260 260 260 260 260 260 260 260 260 260 260 260 260 260 260 259.8461 259.1634 258.4897 257.816 257.1424 256.4687 255.795 255.1214 254.5155 253.9246 253.3337 252.7428 252.1519 251.5609 250.97 250.3791 249.8304 249.3793 248.9283 248.4729 248.016 247.5591 247.1022 246.6453 246.1884 245.7316 245.2747 245.022 245 244.9595 244.8984 
252.3009 252.8636 253.4264 253.9796 254.4218 254.864 255 255 255 255 254.9175 254.4618 253.8592 253.2567 252.6541 252.0515 251.4489 250.8464 250.2438 249.6874 249.1624 248.6374 248.1124 247.5874 247.047 246.2949 245.5428 245 245 245 245 245 245 245 245 245 245 246.2824 247.6059 248.9299 250.2034 251.2586 252.3137 253.3689 254.4254 255.5197 256.6496 257.7796 258.9095 260 260 260 260 260 260 260 260 260 260 260 260 260 260 260 260 260 260 260 260 259.8424 259.1378 258.4634 257.7897 257.1161 256.4424 255.7687 255.095 254.4925 253.9015 253.3106 252.7197 252.1288 251.5378 250.9469 250.3107 249.7513 249.3002 248.8492 248.3981 247.947 247.496 247.0449 246.5938 246.1428 245.6917 245.242 244.8467 244.7687 244.7075 244.6464 
252.2523 252.6945 253.1367 253.5789 254.0211 254.4633 254.9055 255 254.8421 254.5657 254.2894 253.8262 253.2236 252.6211 252.0185 251.4159 250.8134 250.2108 249.6586 249.1337 248.6086 248.0836 247.5586 247.0336 246.4634 245.7113 245 245 245 245 245 245 245 245 245 245 245.042 246.3655 247.6891 249.0126 250.2683 251.3252 252.3831 253.4409 254.4988 255.6023 256.7377 257.8676 258.9976 260 260 260 260 260 260 260 260 260 260 260 260 260 260 260 260 260 260 260 260 259.8387 259.134 258.4371 257.7634 257.0898 256.4161 255.7424 255.0687 254.4694 253.8784 253.2875 252.6966 252.1057 251.5148 250.8817 250.1893 249.6722 249.2211 248.7701 248.319 247.8679 247.4169 246.9658 246.5147 246.0637 245.619 245.1983 244.8092 244.5167 244.4556 244.3944 
251.4834 251.9208 252.3583 252.7957 253.2332 253.6706 254.1081 254.4903 254.2139 253.9376 253.6613 253.1906 252.588 251.9855 251.3829 250.7803 250.1778 249.6299 249.1049 248.5799 248.0549 247.5299 247.0049 246.4799 245.8797 245.1277 245 245 245 245 245 245 245 245 245 245 245.1251 246.4487 247.7722 249.0954 250.3361 251.3985 252.4564 253.5143 254.5722 255.6817 256.8258 257.9557 259.0857 260 260 260 260 260 260 260 260 260 260 260 260 260 260 260 260 260 260 260 260 259.8349 259.1302 258.4256 257.7371 257.0634 256.3898 255.7161 255.0424 254.4463 253.8554 253.2645 252.6735 252.0826 251.4527 250.7602 250.0678 249.5931 249.142 248.691 248.2399 247.7888 247.3378 246.8867 246.4356 245.9959 245.5753 245.1546 244.7716 244.4106 244.2036 244.1424 
250.4363 250.8737 251.3112 251.7487 252.1861 252.6236 253.061 253.4985 253.5858 253.3095 253.0332 252.555 251.9525 251.3499 250.7473 250.1447 249.6011 249.0761 248.5511 248.0261 247.5011 246.9761 246.4511 245.9261 245.2961 245 245 245 245 245 245 245 245 245 245 245 245.2083 246.5318 247.8548 249.1768 250.4016 251.4661 252.5298 253.5877 254.6455 255.761 256.9056 258.0439 259.1738 260 260 260 260 260 260 260 260 260 260 260 260 260 260 260 260 260 260 260 260 259.8311 259.1265 258.4219 257.7172 257.0371 256.3635 255.6898 255.0161 254.4232 253.8323 253.2414 252.6505 252.0237 251.3312 250.6388 249.9651 249.514 249.0629 248.6119 248.1608 247.7097 247.2587 246.8076 246.3728 245.9522 245.5316 245.1109 244.7341 244.373 244.0119 243.8904 
250 250 250.2641 250.7016 251.1391 251.5765 252.014 252.4514 252.8889 252.6814 252.4051 251.9194 251.3168 250.7143 250.1117 249.5723 249.0473 248.5223 247.9973 247.4723 246.9473 246.4223 245.8973 245.3723 245 245 245 245 245 245 245 245 245 245 245 245 245.2915 246.614 247.9361 249.2581 250.4671 251.5315 252.596 253.6604 254.7189 255.8404 256.985 258.1295 259.2619 260 260 260 260 260 260 260 260 260 260 260 260 260 260 260 260 260 260 260 260 259.8274 259.1228 258.4181 257.7135 257.0108 256.3372 255.6635 254.9911 254.4001 253.8092 253.2183 252.5947 251.9022 251.2098 250.5174 249.886 249.4349 248.9839 248.5328 248.0817 247.6306 247.1796 246.7498 246.3291 245.9085 245.4879 245.0672 244.6966 244.3355 243.9744 243.6384 
250 250 250 250 250.092 250.5294 250.9669 251.4044 251.8418 252.0533 251.777 251.2838 250.6813 250.0787 249.5436 249.0186 248.4936 247.9686 247.4436 246.9186 246.3936 245.8638 245.3189 244.7754 244.6219 244.6305 244.6391 244.6476 244.6562 244.6648 244.6734 244.682 244.6906 244.6991 244.7077 244.7163 245.3737 246.6954 248.0174 249.3394 250.5326 251.597 252.6615 253.7259 254.7904 255.9198 257.0643 258.2089 259.35 260 260 260 260 260 260 260 260 260 260 260 260 260 260 260 260 260 260 260 260 259.8237 259.119 258.4144 257.7097 257.0051 256.3109 255.6372 254.968 254.3771 253.7861 253.1656 252.4732 251.7808 251.0884 250.396 249.8069 249.3558 248.9048 248.4537 248.0026 247.5515 247.1267 246.7061 246.2854 245.8648 245.4442 245.0235 244.6591 244.298 243.9369 243.5758 
250 250 250 250 250 250 250 250.3573 250.7948 251.2322 251.1488 250.6482 250.0457 249.5148 248.9898 248.4648 247.9398 247.4126 246.8677 246.3227 245.7778 245.2329 244.69 244.1629 244.051 244.0596 244.0682 244.0768 244.0853 244.0939 244.1025 244.1111 244.1197 244.1283 244.1504 244.664 245.4567 246.7769 248.0987 249.4207 250.598 251.6625 252.7269 253.7936 254.864 255.9992 257.1437 258.2882 259.4328 260 260 260 260 260 260 260 260 260 260 260 260 260 260 260 260 260 260 260 260 259.8199 259.1153 258.4106 257.706 257.0014 256.2967 255.6109 254.9449 254.354 253.7366 253.0442 252.3518 251.6594 250.967 250.2746 249.7278 249.2767 248.8257 248.3746 247.9243 247.5036 247.083 246.6624 246.2417 245.8211 245.4004 244.9827 244.6216 244.2605 243.8994 243.5383 
250 250 250 250 250 250 250 250 250 250.1852 250.5207 250.0126 249.486 248.961 248.4164 247.8715 247.3266 246.7816 246.2367 245.6918 245.1469 244.6045 244.0631 243.6298 243.4808 243.4887 243.4973 243.5059 243.5145 243.523 243.5316 243.5402 243.5488 243.669 244.1827 244.6963 245.5396 246.8599 248.1802 249.502 250.6635 251.728 252.7974 253.8678 254.9382 256.0785 257.2231 258.3676 259.4041 260 260 260 260 260 260 260 260 260 260 260 260 260 260 260 260 260 260 260 260 259.8162 259.1115 258.4069 257.7023 256.9976 256.293 255.5883 254.9218 254.3076 253.6152 252.9228 252.2304 251.538 250.8456 250.1531 249.6487 249.1976 248.7466 248.3012 247.8806 247.4599 247.0393 246.6187 246.198 245.7774 245.3567 244.9451 244.584 244.223 243.8619 243.5008 
250 250 250 250 250 250 250 250 250 250 250 249.4203 248.8754 248.3304 247.7855 247.2406 246.6956 246.1507 245.6058 245.0608 244.519 243.9776 243.4362 243.0967 242.9477 242.9178 242.9264 242.935 242.9436 242.9521 242.9607 242.9693 243.1877 243.7013 244.2149 244.7286 245.6226 246.9429 248.2632 249.5835 250.7309 251.8013 252.8717 253.9421 255.0134 256.1579 257.3024 258.3002 259.2019 260 260 260 260 260 260 260 260 260 260 260 260 260 260 260 260 260 260 260 260 259.8124 259.1078 258.4032 257.6985 256.9939 256.2892 255.5846 254.8786 254.1862 253.4938 252.8014 252.109 251.4165 250.7241 250.0317 249.5696 249.1185 248.6782 248.2575 247.8369 247.4162 246.9956 246.575 246.1543 245.7337 245.313 244.9076 244.5465 244.1854 243.8243 243.4633 
250 250 250 250 250 250 250 250 250 250 249.5617 248.8315 248.2444 247.6995 247.1545 246.6096 246.0647 245.5197 244.975 244.4336 243.8922 243.3508 242.8094 242.5636 242.4146 242.3469 242.3555 242.3641 242.3727 242.3813 242.3898 242.7063 243.22 243.7336 244.2472 244.7608 245.7055 247.0258 248.3461 249.6656 250.8015 251.8754 252.9459 254.0163 255.0927 256.2373 257.1964 258.0981 258.9997 259.9013 260 260 260 260 260 260 260 260 260 260 260 260 260 260 260 260 260 260 260 259.8087 259.1041 258.3994 257.6948 256.9901 256.2855 255.5808 254.8466 254.1175 253.3885 252.68 251.9875 251.2951 250.6027 249.9416 249.4905 249.0551 248.6345 248.2138 247.7932 247.3725 246.9519 246.5313 246.1106 245.69 245.2693 244.8701 244.509 244.1479 243.7868 243.4257 
250 250 250 250 250 250 250 250 250 249.7978 249.0676 248.3375 247.6135 247.0685 246.5236 245.9787 245.4337 244.8895 244.3481 243.8067 243.2653 242.7239 242.1825 242.0306 241.8816 241.7761 241.7846 241.7932 241.8018 241.8104 242.225 242.7386 243.2522 243.7659 244.2795 244.7931 245.7885 247.1088 248.4283 249.7467 250.8676 251.9415 253.0154 254.0893 255.1721 256.0925 256.9942 257.8958 258.7975 259.6991 260 260 260 260 260 260 260 260 260 260 260 260 260 260 260 260 260 260 260 259.805 259.1003 258.3957 257.691 256.9864 256.2817 255.5542 254.8181 254.0891 253.36 252.6309 251.9019 251.1737 250.4813 249.8625 249.432 249.0114 248.5908 248.1701 247.7495 247.3288 246.9082 246.4875 246.0669 245.6463 245.2256 244.8326 244.4715 244.1104 243.7493 243.3882 
250 250 250 250 250 250 250 250 250 249.3037 248.5735 247.8434 247.1133 246.4376 245.8927 245.3477 244.8041 244.2627 243.7213 243.1799 242.6385 242.0971 241.6465 241.4975 241.3485 241.2052 241.2137 241.2223 241.2309 241.7436 242.2572 242.7709 243.2845 243.7981 244.3118 244.8254 245.8714 247.1909 248.5094 249.7621 250.8441 251.9011 252.9581 254.0151 255.0554 255.8903 256.792 257.6936 258.5953 259.4969 260 260 260 260 260 260 260 260 260 260 260 260 260 260 260 260 260 260 260 259.8012 259.0966 258.3919 257.6873 256.9826 256.2637 255.5253 254.7897 254.0606 253.3315 252.6025 251.8734 251.1443 250.4153 249.814 249.3883 248.9677 248.547 248.1264 247.7058 247.2851 246.8645 246.4438 246.0232 245.6026 245.1819 244.7951 244.434 244.0729 243.7118 243.3507 
250 250 250 250 250 250 250 250 249.5398 248.8096 248.0795 247.3493 246.6192 245.8891 245.2617 244.7186 244.1772 243.6358 243.0944 242.553 242.0116 241.4702 241.1134 240.9644 240.8154 240.6664 240.6429 240.7486 241.2623 241.7759 242.2895 242.8031 243.3168 243.8304 244.344 244.8577 245.9536 247.1816 248.4092 249.6367 250.7265 251.772 252.829 253.8861 254.9431 255.7674 256.5898 257.4914 258.3931 259.2947 260 260 260 260 260 260 260 260 260 260 260 260 260 260 260 260 260 260 260 259.7975 259.0928 258.3882 257.6835 256.9732 256.2349 255.4965 254.7612 254.0321 253.3031 252.574 251.8449 251.1159 250.4493 249.8566 249.3721 248.924 248.5033 248.0827 247.662 247.2414 246.8208 246.4001 245.9795 245.5588 245.1382 244.7575 244.3965 244.0354 243.6743 243.3132 
250 250 250 250 250 250 250 249.7759 249.0457 248.3156 247.5854 246.8553 246.1252 245.395 244.6974 244.1122 243.5504 243.009 242.4676 241.9262 241.3848 240.8434 240.5803 240.4313 240.2823 240.1333 240.2673 240.7774 241.2362 241.6949 242.1537 242.6124 243.0711 243.5299 244.085 244.7514 245.8286 247.0562 248.2838 249.5114 250.6211 251.653 252.7 253.757 254.814 255.6684 256.4795 257.2906 258.1909 259.0925 259.9942 260 260 260 260 260 260 260 260 260 260 260 260 260 260 260 260 260 260 259.7937 259.0891 258.3845 257.6798 256.9444 256.206 255.4677 254.7327 254.0036 253.2746 252.5455 251.8165 251.1435 250.5054 249.8993 249.4147 248.9301 248.4596 248.039 247.6183 247.1977 246.7771 246.3564 245.9358 245.5151 245.0945 244.72 244.3589 243.9978 243.6367 243.2757 
250 250 250 250 250 250 250 249.2818 248.5517 247.8215 247.0914 246.3613 245.6771 245.0193 244.2793 243.6148 243.0401 242.4653 241.8905 241.3157 240.7579 240.2165 240.0473 240 240 240 240 240.1293 240.5881 241.0468 241.5084 242.0785 242.6487 243.2188 243.9252 244.6631 245.6913 246.9308 248.1584 249.386 250.5158 251.5476 252.5795 253.628 254.685 255.5694 256.3805 257.1916 258.0027 258.8903 259.792 260 260 260 260 260 260 260 260 260 260 260 260 260 260 260 260 260 260 259.79 259.0854 258.3807 257.6539 256.9156 256.1772 255.4388 254.7042 253.9752 253.2461 252.517 251.8377 251.1997 250.5616 249.942 249.4574 248.9728 248.4882 248.0036 247.5746 247.154 246.7334 246.3127 245.8921 245.4714 245.0508 244.6825 244.3214 243.9603 243.5992 243.2381 
250 250 250 250 250 250 249.5179 248.7878 248.0576 247.3275 246.6221 245.9644 245.3067 244.6037 243.8611 243.1185 242.5427 241.9679 241.3932 240.8184 240.2436 240 240 240 240 240 240 240 240.0721 240.6422 241.2124 241.7825 242.3609 243.0989 243.8368 244.5748 245.539 246.8055 248.0331 249.2606 250.4104 251.4422 252.4741 253.506 254.5559 255.4703 256.2814 257.0925 257.9036 258.7147 259.5898 260 260 260 260 260 260 260 260 260 260 260 260 260 260 260 260 260 260 259.7863 259.0816 258.3635 257.6251 256.8867 256.1484 255.41 254.6758 253.9467 253.2176 252.5319 251.8939 251.2558 250.6178 249.9846 249.5001 249.0155 248.5309 248.0463 247.5617 247.1103 246.6897 246.269 245.8484 245.4277 245.0071 244.645 244.2839 243.9228 243.5617 243.2006 
250 250 250 250 250 249.754 249.0239 248.2937 247.5671 246.9094 246.2517 245.594 244.9281 244.1855 243.4429 242.7003 242.0454 241.4706 240.8958 240.3211 240 240 240 240 240 240 240 240 240 240.3463 240.9164 241.5347 242.2726 243.0105 243.7485 244.4864 245.3867 246.6587 247.9077 249.1353 250.305 251.3369 252.3687 253.4006 254.4325 255.3713 256.1824 256.9935 257.8046 258.6157 259.4268 260 260 260 260 260 260 260 260 260 260 260 260 260 260 260 260 260 260 259.7825 259.073 258.3346 257.5963 256.8579 256.1195 255.3811 254.6473 253.9182 253.2261 252.5881 251.9501 251.312 250.674 250.036 249.5427 249.0582 248.5736 248.089 247.6044 247.1198 246.646 246.2253 245.8047 245.384 244.9686 244.6075 244.2464 243.8853 243.5242 243.1631 
250 250 250 250 249.9901 249.26 248.5298 247.8545 247.1968 246.539 245.8813 245.2236 244.5099 243.7673 243.0247 242.2822 241.5481 240.9733 240.3985 240 240 240 240 240 240 240 240 240 240 240.0503 240.7084 241.4463 242.1842 242.9222 243.6601 244.3981 245.2345 246.5064 247.7784 249.0099 250.1996 251.2315 252.2634 253.2952 254.3166 255.1987 256.0074 256.8162 257.6249 258.4337 259.2425 259.9698 260 260 260 260 260 260 260 260 260 260 260 260 260 260 260 260 260 259.7787 259.0442 258.3058 257.5674 256.8291 256.0907 255.3523 254.6188 253.9203 253.2823 252.6443 252.0062 251.3682 250.7302 250.1197 249.5895 249.1008 248.6162 248.1317 247.6471 247.1625 246.6779 246.1933 245.761 245.3403 244.931 244.5699 244.2089 243.8478 243.4867 243.1256 
250 250 250 250 249.4961 248.7995 248.1418 247.4841 246.8264 246.1687 245.511 244.8343 244.0917 243.3492 242.6066 241.864 241.1214 240.476 240 240 240 240 240 240 240 239.9722 239.9319 239.8916 239.8513 239.9034 240.62 241.358 242.0959 242.8338 243.5718 244.3097 245.0822 246.3541 247.6261 248.8845 250.0942 251.1261 252.158 253.1663 254.0723 254.9783 255.7894 256.5981 257.4069 258.2156 259.0244 259.7003 260 260 260 260 260 260 260 260 260 260 260 260 260 260 260 260 260 259.845 259.0802 258.3155 257.5508 256.8002 256.0619 255.3235 254.6145 253.9765 253.3674 252.7615 252.1555 251.5496 250.9437 250.3378 249.7736 249.2621 248.7505 248.239 247.7275 247.2159 246.7206 246.236 245.7514 245.2966 244.8935 244.5324 244.1713 243.8102 243.4492 243.0659 
250 250 250 249.7446 249.0868 248.4291 247.7714 247.1137 246.456 245.7983 245.1406 244.4161 243.6736 242.931 242.1884 241.4458 240.7032 240 239.9713 239.931 239.8907 239.8504 239.8101 239.7699 239.7296 239.6893 239.649 239.6087 239.5684 239.8141 240.4675 241.2553 242.0076 242.7455 243.4834 244.2214 244.9593 246.2019 247.4738 248.7458 249.9867 251.0207 252.016 252.922 253.828 254.734 255.5713 256.38 257.1888 257.9975 258.7903 259.4308 260 260 260 260 260 260 260 260 260 260 260 260 260 260 260 260 260 260 259.2867 258.5219 257.7572 256.9924 256.2277 255.463 254.7809 254.1914 253.5855 252.9796 252.3737 251.7677 251.1618 250.5559 249.9578 249.4462 248.9347 248.4232 247.9116 247.4001 246.8885 246.377 245.8654 245.3539 244.8647 244.4688 244.0728 243.6768 243.2809 242.8849 
250 250 249.7992 249.3742 248.7165 248.0587 247.401 246.7433 246.0856 245.4279 244.7405 243.998 243.2554 242.5219 241.7909 241.06 240.3291 239.7926 239.6883 239.6481 239.6078 239.5675 239.5272 239.4869 239.4466 239.4064 239.3661 239.3258 239.2855 239.7247 240.3136 241.1013 241.8891 242.6572 243.3951 244.133 244.871 246.0496 247.3215 248.5935 249.8614 250.8657 251.7717 252.6777 253.5837 254.4897 255.3532 256.1619 256.9707 257.7794 258.5208 259.1613 259.8018 260 260 260 260 260 260 260 260 260 260 260 260 260 260 260 260 260 259.4931 258.7284 257.9636 257.1989 256.4341 255.6742 254.9486 254.3727 253.7967 253.1977 252.5918 251.9859 251.38 250.774 250.1681 249.6304 249.1189 248.6073 248.0958 247.5842 247.0727 246.5611 246.0496 245.4819 244.9393 244.5434 244.1474 243.7515 243.3555 242.9595 
249.9996 249.6739 249.3482 249.0038 248.3461 247.6884 247.0307 246.3729 245.7152 245.0575 244.3542 243.6233 242.8923 242.1614 241.4305 240.6996 239.9838 239.6066 239.4054 239.3651 239.3249 239.2846 239.2443 239.204 239.1637 239.1234 239.0831 239.0429 239.178 239.6353 240.1596 240.9474 241.7352 242.5229 243.3068 244.0447 244.7826 245.8973 247.1693 248.4412 249.6479 250.6214 251.5274 252.4334 253.3394 254.2453 255.1351 255.9438 256.7526 257.5613 258.2513 258.8918 259.5323 260 260 260 260 260 260 260 260 260 260 260 260 260 260 260 260 260 259.6996 258.9348 258.1701 257.4053 256.6406 255.8897 255.1495 254.5404 253.9644 253.3884 252.8099 252.204 251.5981 250.9922 250.3863 249.8146 249.303 248.7915 248.2799 247.7684 247.2568 246.7274 246.1583 245.5892 245.0201 244.618 244.2221 243.8261 243.4301 243.0342 
249.5487 249.223 248.8973 248.5716 247.9757 247.318 246.6603 246.0026 245.3448 244.6682 243.9706 243.2628 242.5319 241.801 241.0701 240.3391 239.7978 239.4206 239.1225 239.0822 239.0419 239.0016 238.9614 238.9211 238.8808 238.8405 238.8002 238.7599 239.0887 239.546 240.0057 240.7935 241.5813 242.369 243.1568 243.9446 244.6943 245.745 247.009 248.1844 249.3599 250.4008 251.2831 252.1891 253.0951 254.001 254.907 255.7258 256.5345 257.3414 257.9819 258.6223 259.2628 259.9033 260 260 260 260 260 260 260 260 260 260 260 260 260 260 260 260 259.906 259.1412 258.3765 257.6118 256.847 256.1053 255.3651 254.7081 254.1321 253.5562 252.9802 252.4042 251.8162 251.2103 250.6044 249.9987 249.4872 248.9756 248.4641 247.9525 247.4038 246.8347 246.2656 245.6965 245.1274 244.6927 244.2967 243.9007 243.5048 243.1088 
249.0978 248.772 248.4464 248.1206 247.6053 246.9476 246.2899 245.6322 244.9729 244.2753 243.5778 242.8802 242.1715 241.4405 240.7096 239.989 239.6118 239.2346 238.8574 238.7993 238.759 238.7187 238.6784 238.6382 238.5979 238.5576 238.5173 238.542 238.9993 239.4566 239.9139 240.6395 241.4273 242.2151 243.0029 243.7906 244.5784 245.5455 246.721 247.8965 249.0719 250.1852 251.0652 251.9452 252.8508 253.7567 254.6627 255.5077 256.3164 257.0719 257.7124 258.3528 258.9933 259.6338 260 260 260 260 260 260 260 260 260 260 260 260 260 260 260 260 260 259.3477 258.5829 257.8182 257.061 256.3208 255.5807 254.8759 254.2999 253.7239 253.1479 252.572 251.996 251.42 250.8225 250.2166 249.6713 249.1598 248.6482 248.0802 247.5111 246.942 246.3729 245.8038 245.2346 244.7673 244.3713 243.9754 243.5516 243.1145 
248.6468 248.3211 247.9954 247.6697 247.2349 246.5772 245.9195 245.2618 244.5801 243.8825 243.1849 242.4874 241.7898 241.0801 240.3492 239.803 239.4258 239.0486 238.6714 238.5164 238.4761 238.4358 238.3955 238.3552 238.3149 238.2747 238.2344 238.4526 238.9099 239.3673 239.8246 240.4856 241.2734 242.0612 242.8489 243.6367 244.4245 245.3334 246.433 247.6085 248.7839 249.9594 250.8496 251.7296 252.6096 253.5124 254.4184 255.2896 256.0983 256.8024 257.4429 258.0833 258.7238 259.3643 260 260 260 260 260 260 260 260 260 260 260 260 260 260 260 260 260 259.5541 258.7894 258.0247 257.2766 256.5364 255.7962 255.056 254.4676 253.8916 253.3157 252.7397 252.1637 251.5878 251.0118 250.4347 249.8555 249.3257 248.7566 248.1875 247.6183 247.0492 246.4801 245.911 245.3419 244.8412 244.4041 243.9671 243.53 243.093 
248.2349 247.8702 247.5445 247.2188 246.8645 246.2068 245.5491 244.8848 244.1873 243.4897 242.7921 242.0945 241.397 240.6994 239.9942 239.617 239.2398 238.8626 238.4854 238.2334 238.1932 238.1529 238.1126 238.0723 238.032 237.9917 237.9514 238.3633 238.8206 239.2779 239.7352 240.3317 241.1194 241.9072 242.695 243.4828 244.2838 245.2181 246.1808 247.3205 248.496 249.6714 250.634 251.514 252.394 253.274 254.1741 255.0715 255.8802 256.5329 257.1734 257.8138 258.4543 259.0948 259.7353 260 260 260 260 260 260 260 260 260 260 260 260 260 260 260 260 259.7606 258.9958 258.2323 257.4922 256.752 256.0118 255.2716 254.6353 254.0594 253.4834 252.9074 252.3315 251.7555 251.1795 250.6035 250.0761 249.5257 248.9658 248.4059 247.8461 247.2862 246.7263 246.1665 245.6066 245.0427 244.57 244.105 243.64 243.1751 
247.8289 247.461 247.0935 246.7678 246.4421 245.8365 245.1787 244.492 243.7944 243.0968 242.3993 241.7017 241.0143 240.3885 239.794 239.431 239.0538 238.6766 238.2994 237.9505 237.9102 237.8699 237.8297 237.7894 237.7491 237.7088 237.8166 238.2739 238.7312 239.1886 239.6459 240.1777 240.9655 241.7533 242.5411 243.3288 244.1729 245.1029 246.0656 247.0325 248.208 249.3834 250.4184 251.2984 252.1784 253.0584 253.9384 254.8358 255.6229 256.2634 256.9039 257.5444 258.1848 258.8253 259.4658 260 260 260 260 260 260 260 260 260 260 260 260 260 260 260 260 259.967 259.2023 258.4479 257.7077 256.9675 256.2273 255.4871 254.8031 254.2271 253.6511 253.0752 252.4992 251.9232 251.3472 250.8403 250.3424 249.8252 249.2653 248.7054 248.1456 247.5857 247.0258 246.466 245.9061 245.3404 244.8142 244.3492 243.8843 243.4193 
247.4229 247.0551 246.6872 246.3194 245.9912 245.4661 244.7967 244.0992 243.4016 242.704 242.0663 241.4405 240.8148 240.1891 239.6207 239.2161 238.8678 238.4906 238.1133 237.7361 237.6273 237.587 237.5467 237.5065 237.4662 237.4259 237.7272 238.1846 238.6419 239.0992 239.5565 240.0238 240.8116 241.5994 242.3871 243.1749 244.0621 244.9881 245.9503 246.9131 247.92 249.0954 250.2028 251.0828 251.9628 252.8428 253.7228 254.6028 255.3534 255.9939 256.6344 257.2749 257.9153 258.5558 259.1963 259.8368 260 260 260 260 260 260 260 260 260 260 260 260 260 260 260 260 259.4087 258.6635 257.9233 257.1831 256.4429 255.7027 254.9708 254.3949 253.8189 253.2429 252.6669 252.1025 251.6046 251.1067 250.6088 250.1108 249.5648 249.0049 248.445 247.8852 247.3253 246.7654 246.2052 245.6382 245.0712 244.5935 244.1285 243.6635 
246.9632 246.6491 246.2813 245.9134 245.5456 245.0957 244.4039 243.744 243.1183 242.4926 241.8668 241.2411 240.6153 239.991 239.4475 238.904 238.6817 238.3045 237.9273 237.5501 237.3444 237.3041 237.2638 237.2235 237.1832 237.1806 237.6379 238.0952 238.5525 239.0098 239.4671 239.9245 240.6577 241.4454 242.2332 243.0252 243.9512 244.8772 245.8351 246.7978 247.7605 248.8075 249.9829 250.8672 251.7472 252.6272 253.5072 254.3753 255.1618 255.7409 256.3649 257.0054 257.6458 258.2863 258.9268 259.5673 260 260 260 260 260 260 260 260 260 260 260 260 260 260 260 260 259.6192 258.879 258.1388 257.3986 256.6584 255.9182 255.1781 254.5626 253.9866 253.4106 252.8668 252.3689 251.8709 251.373 250.8751 250.3772 249.8643 249.3044 248.7445 248.1846 247.6248 247.0649 246.5029 245.936 245.369 244.8377 244.3727 243.9077 
246.4936 246.2431 245.8753 245.5074 245.1396 244.7679 244.1703 243.5446 242.9188 242.2931 241.6674 241.0416 240.4159 239.8177 239.2742 238.7307 238.3705 238.1185 237.7413 237.3641 237.0615 237.0212 236.9809 236.9406 236.9003 237.0912 237.5485 238.0058 238.4632 238.9205 239.3778 239.8351 240.5037 241.2915 242.0793 242.9143 243.8403 244.7664 245.7198 246.6826 247.6453 248.608 249.6949 250.6516 251.5316 252.4076 253.2746 254.1415 255.0057 255.5847 256.1638 256.7429 257.3763 258.0168 258.6573 259.2978 259.9383 260 260 260 260 260 260 260 260 260 260 260 260 260 260 260 259.8282 259.0918 258.3544 257.6142 256.874 256.1338 255.3936 254.7303 254.1543 253.631 253.1331 252.6352 252.1373 251.6394 251.1414 250.6435 250.1456 249.6039 249.044 248.4841 247.9243 247.3644 246.8007 246.2338 245.6668 245.0998 244.6169 244.1519 
246.0241 245.8175 245.4693 245.1015 244.7292 244.3552 243.9709 243.3451 242.7194 242.0937 241.4679 240.8422 240.2164 239.6445 239.101 238.5575 238.0348 237.8606 237.5553 237.1781 236.8009 236.7383 236.698 236.6577 236.6174 237.0018 237.4592 237.9165 238.3738 238.8311 239.2884 239.7457 240.3498 241.1376 241.9253 242.8035 243.7295 244.6555 245.6046 246.5673 247.53 248.4928 249.4555 250.436 251.3069 252.1739 253.0408 253.9077 254.7747 255.4286 256.0077 256.5868 257.1659 257.7473 258.3878 259.0283 259.6688 260 260 260 260 260 260 260 260 260 260 260 260 260 260 260 260 259.2906 258.5542 257.8177 257.0813 256.3449 255.6085 254.8981 254.3953 253.8974 253.3994 252.9015 252.4036 251.9057 251.4078 250.9099 250.412 249.9034 249.3435 248.7836 248.2237 247.6639 247.0985 246.5315 245.9646 245.3976 244.8611 244.3961 
245.5545 245.3479 245.0634 244.6904 244.3165 243.9425 243.5685 243.1457 242.5199 241.8942 241.2685 240.6427 240.017 239.4713 238.9278 238.3843 237.8408 237.5249 237.3506 236.9921 236.6149 236.4553 236.415 236.3748 236.4552 236.9125 237.3698 237.8271 238.2844 238.7417 239.1991 239.6564 240.1959 240.9836 241.7714 242.6926 243.6186 244.5446 245.4893 246.452 247.4148 248.3775 249.3551 250.247 251.0732 251.9401 252.807 253.674 254.5409 255.2724 255.8515 256.4306 257.0097 257.5888 258.1679 258.7588 259.3993 260 260 260 260 260 260 260 260 260 260 260 260 260 260 260 260 259.4894 258.753 258.0165 257.2801 256.5437 255.8073 255.1486 254.6437 254.1637 253.6658 253.1679 252.67 252.172 251.6741 251.1762 250.6783 250.1804 249.643 249.0831 248.5232 247.9632 247.3963 246.8293 246.2623 245.6954 245.1284 244.6403 
245.0849 244.892 244.7086 244.2777 243.9037 243.5298 243.1558 242.7818 242.3205 241.6947 241.069 240.4433 239.8415 239.298 238.7545 238.211 237.6675 237.1893 237.015 236.8061 236.4289 236.1724 236.1321 236.0918 236.3658 236.8231 237.2804 237.7377 238.1951 238.6524 239.1097 239.567 240.0419 240.8297 241.6557 242.5818 243.5078 244.4338 245.3741 246.3368 247.2995 248.3266 249.3831 250.2638 250.8977 251.7063 252.5733 253.4402 254.3071 255.1163 255.6954 256.2744 256.8535 257.4326 258.0117 258.5908 259.1699 259.7703 260 260 260 260 260 260 260 260 260 260 260 260 260 260 260 259.6882 258.9518 258.2153 257.4789 256.7425 256.0061 255.416 254.8611 254.384 253.9068 253.4297 252.9363 252.4384 251.9405 251.4426 250.9446 250.4467 249.9424 249.3826 248.8227 248.261 247.694 247.1271 246.5601 245.9931 245.4262 244.8846 
244.6585 244.4751 244.2917 244.0208 243.5738 243.1268 242.7431 242.3691 241.9951 241.4953 240.8696 240.2438 239.6683 239.1248 238.5813 238.0378 237.4943 236.9508 236.6793 236.5051 236.2429 235.8895 235.8492 235.8191 236.2764 236.7337 237.1911 237.6484 238.1057 238.563 239.0203 239.4777 239.935 240.6758 241.5449 242.4709 243.3969 244.3229 245.2588 246.2416 247.2981 248.3546 249.4111 250.2806 250.9145 251.5484 252.3395 253.2064 254.0733 254.9403 255.5392 256.1183 256.6974 257.2765 257.8556 258.4347 259.0137 259.5977 260 260 260 260 260 260 260 260 260 260 260 260 260 260 260 259.887 259.1505 258.4141 257.6777 256.9413 256.2702 255.6833 255.0965 254.6014 254.1242 253.6471 253.17 252.6928 252.2068 251.7089 251.211 250.7131 250.2151 249.6821 249.1222 248.5588 247.9918 247.4249 246.8579 246.2909 245.724 245.2042 
244.2415 244.0581 243.8747 243.6913 243.3221 242.8751 242.4281 241.9811 241.5824 241.2084 240.6701 240.0444 239.4951 238.9516 238.4081 237.8646 237.3211 236.7776 236.3437 236.1694 235.9952 235.6797 235.5663 235.7298 236.1871 236.6444 237.1017 237.559 238.0163 238.4737 238.931 239.3883 239.8456 240.5218 241.434 242.36 243.2861 244.2215 245.2131 246.2696 247.3261 248.3826 249.4391 250.2974 250.9313 251.5652 252.1991 252.9726 253.8396 254.7065 255.3831 255.9621 256.5412 257.1203 257.6994 258.2785 258.8764 259.4898 260 260 260 260 260 260 260 260 260 260 260 260 260 260 260 260 259.3493 258.6129 257.8765 257.1401 256.5375 255.9507 255.3639 254.8188 254.3416 253.8645 253.3874 252.9102 252.4331 251.956 251.4773 250.9794 250.4815 249.9815 249.4217 248.8566 248.2896 247.7226 247.1657 246.6585 246.1513 245.6441 
243.8691 243.6412 243.4578 243.2744 243.0704 242.6234 242.1764 241.7294 241.2824 240.8354 240.4217 239.8653 239.3218 238.7783 238.2348 237.6913 237.1478 236.6043 236.0608 235.8338 235.6595 235.4852 235.2833 235.6404 236.0977 236.555 237.0123 237.4697 237.927 238.3843 238.8416 239.2989 239.7563 240.3971 241.3232 242.2967 243.2717 244.2468 245.2405 246.2977 247.3542 248.4107 249.4672 250.3142 250.9481 251.582 252.2159 252.8498 253.6058 254.4727 255.2269 255.806 256.3851 256.9642 257.5432 258.1551 258.7685 259.3818 259.9952 260 260 260 260 260 260 260 260 260 260 260 260 260 260 260 259.5481 258.8117 258.0753 257.3917 256.8049 256.2181 255.6313 255.0444 254.559 254.0819 253.6048 253.1276 252.6505 252.1734 251.6962 251.2191 250.742 250.2499 249.7211 249.1543 248.62 248.1128 247.6056 247.0984 246.5912 246.084 
243.5341 243.2817 243.0408 242.8574 242.674 242.3717 241.9247 241.4777 241.0307 240.5837 240.1367 239.6554 239.1307 238.6051 238.0616 237.5181 236.9746 236.4311 235.8876 235.4981 235.3238 235.1496 235.0937 235.5256 235.9395 236.3533 236.7672 237.181 237.5949 238.0087 238.4623 239.0545 239.6467 240.3719 241.347 242.322 243.2971 244.2721 245.268 246.3253 247.3822 248.4387 249.4952 250.331 250.9649 251.5988 252.2327 252.8666 253.5005 254.239 255.0707 255.6498 256.2289 256.8204 257.4338 258.0471 258.6605 259.2739 259.8872 260 260 260 260 260 260 260 260 260 260 260 260 260 260 260 259.7469 259.0105 258.2741 257.6591 257.0722 256.4854 255.8986 255.3118 254.7764 254.2993 253.8221 253.345 252.8679 252.3907 251.9136 251.4365 250.9594 250.4822 250.0159 249.5671 249.0599 248.5527 248.0455 247.5383 247.0311 246.5239 
243.199 242.9467 242.6943 242.442 242.2571 242.0737 241.673 241.226 240.779 240.332 239.8754 239.3907 238.8728 238.3481 237.8234 237.2987 236.7739 236.2492 235.7144 235.1709 235 235 235 235 235 235.5429 236.1351 236.7273 237.3195 237.9117 238.5038 239.096 239.6882 240.4346 241.3723 242.3474 243.3224 244.2975 245.2955 246.3527 247.41 248.4667 249.5232 250.3478 250.9817 251.6156 252.2495 252.8835 253.5174 254.1513 254.8721 255.4937 256.0991 256.7125 257.3258 257.9392 258.5526 259.1659 259.7793 260 260 260 260 260 260 260 260 260 260 260 260 260 260 260 259.9457 259.2093 258.5132 257.9264 257.3396 256.7528 256.166 255.5792 254.9938 254.5166 254.0395 253.5624 253.0853 252.6081 252.131 251.6539 251.1767 250.6996 250.2463 249.826 249.4197 248.9926 248.4854 247.9782 247.4709 246.9637 
242.864 242.6116 242.3593 242.1069 241.8546 241.6567 241.4213 240.9743 240.5273 240.0803 239.6024 239.1178 238.6149 238.0901 237.5654 237.0407 236.516 235.9913 235.4666 235 235 235 235 235 235 235.5844 236.1766 236.7688 237.361 237.9532 238.5454 239.1376 239.7298 240.4991 241.4169 242.3727 243.3478 244.3228 245.323 246.3802 247.4375 248.4947 249.5512 250.3646 250.9986 251.6325 252.2664 252.9003 253.5342 254.1681 254.8059 255.4321 256.0531 256.6742 257.2953 257.9164 258.5374 259.1585 259.7686 260 260 260 260 260 260 260 260 260 260 260 260 260 260 260 260 259.4081 258.7806 258.1938 257.607 257.0201 256.4333 255.8465 255.2597 254.734 254.2569 253.7798 253.3026 252.8255 252.3484 251.8713 251.3941 250.917 250.4768 250.0459 249.637 249.2307 248.8244 248.418 247.9108 247.4036 
242.4528 242.2766 242.0242 241.7719 241.5195 241.2672 241.0564 240.7226 240.2756 239.8141 239.3295 238.8449 238.3569 237.8322 237.3075 236.7828 236.2581 235.7334 235.2087 235 235 235 235 235 235 235.5811 236.2182 236.8104 237.4026 237.9948 238.587 239.1792 239.7714 240.5635 241.4813 242.3991 243.3731 244.3482 245.3505 246.4077 247.4649 248.5222 249.5793 250.3815 251.0154 251.6493 252.2859 252.9237 253.5616 254.1994 254.8373 255.4627 256.0837 256.7048 257.3259 257.947 258.5681 259.1742 259.7759 260 260 260 260 260 260 260 260 260 260 260 260 260 260 260 260 259.6348 259.0479 258.4612 257.8743 257.2875 256.7007 256.1139 255.5271 254.9514 254.4743 253.9972 253.52 253.0429 252.5658 252.0886 251.6115 251.138 250.7072 250.2764 249.8544 249.448 249.0417 248.6354 248.2291 247.8227 
242.0307 241.9415 241.6892 241.4369 241.1845 240.9322 240.6798 240.456 240.0238 239.5412 239.0566 238.572 238.0873 237.5743 237.0496 236.5249 236.0002 235.4755 235 235 235 235 235 235 235 235.5777 236.2195 236.8519 237.4441 238.0363 238.6285 239.2207 239.8129 240.6279 241.5457 242.4635 243.3985 244.3735 245.3779 246.4352 247.4924 248.5497 249.6069 250.4037 251.0416 251.6794 252.3173 252.9552 253.593 254.2309 254.8687 255.4933 256.1143 256.7354 257.3565 257.9776 258.5799 259.1816 259.7833 260 260 260 260 260 260 260 260 260 260 260 260 260 260 260 260 259.755 259.1863 258.6176 258.0489 257.4802 256.9115 256.3428 255.7742 255.2055 254.6917 254.2146 253.7374 253.2603 252.7832 252.306 251.8289 251.3685 250.9377 250.5069 250.076 249.6654 249.2591 248.8527 248.4464 248.0401 
241.6086 241.6065 241.3542 241.1018 240.8495 240.5971 240.3448 240.0924 239.7529 239.2683 238.7837 238.2991 237.8144 237.3164 236.7917 236.267 235.7423 235.2176 235 235 235 235 235 235 235 235.5743 236.2161 236.8579 237.4857 238.0779 238.6701 239.2623 239.8545 240.6923 241.6101 242.528 243.4458 244.3989 245.4054 246.4627 247.5199 248.6342 249.7886 250.4902 251.0904 251.7109 252.3487 252.9866 253.6245 254.2623 254.9002 255.5239 256.145 256.766 257.3839 257.9856 258.5872 259.1889 259.7906 260 260 260 260 260 260 260 260 260 260 260 260 260 260 260 260 259.727 259.1583 258.5896 258.0209 257.4522 256.9225 256.4178 255.9131 255.4085 254.9091 254.4319 253.9548 253.4777 253.0005 252.5234 252.0463 251.5989 251.1681 250.7373 250.3065 249.8827 249.4764 249.0701 248.6638 248.2574 
241.1866 241.1872 241.0191 240.7668 240.5144 240.2621 240.0097 239.7107 239.375 238.9904 238.5108 238.0262 237.5415 237.0569 236.5338 236.0091 235.4844 235 235 235 235 235 235 235 235 235.571 236.2128 236.8546 237.4963 238.1195 238.7117 239.3038 239.8961 240.7567 241.6745 242.5924 243.5102 244.428 245.4329 246.5117 247.6661 248.8204 249.9748 250.587 251.1871 251.7873 252.3874 253.018 253.6559 254.2937 254.9316 255.5545 256.1756 256.7896 257.3912 257.9929 258.5946 259.1963 259.798 260 260 260 260 260 260 260 260 260 260 260 260 260 260 260 260 259.699 259.171 258.6663 258.1617 257.657 257.1524 256.6477 256.1431 255.6384 255.1338 254.6493 254.1722 253.6951 253.2179 252.7408 252.2637 251.8294 251.3986 250.9678 250.5369 250.1061 249.6938 249.2874 248.8811 248.4748 
240.7645 240.7652 240.6841 240.4317 240.1794 239.913 239.6121 239.3112 238.9756 238.591 238.2065 237.7532 237.2686 236.784 236.2759 235.7511 235.2264 235 235 235 235 235 235 235 235 235.5676 236.2094 236.8512 237.493 238.1348 238.7532 239.3454 239.9376 240.8211 241.739 242.6568 243.5746 244.4925 245.5435 246.6979 247.8522 249.0066 250.0837 250.6838 251.2839 251.8841 252.4842 253.0843 253.6873 254.3252 254.963 255.5851 256.1952 256.7969 257.3986 258.0003 258.602 259.2036 259.8053 260 260 260 260 260 260 260 260 260 260 260 260 260 260 260 259.9093 259.6803 259.4009 258.8962 258.3916 257.8869 257.3823 256.8777 256.373 255.8683 255.3637 254.8667 254.3896 253.9125 253.4353 252.9582 252.4907 252.0598 251.629 251.1982 250.7674 250.3366 249.9111 249.5048 249.0984 248.6921 
240.3424 240.3431 240.3438 240.0967 239.8144 239.5135 239.2126 238.9117 238.5762 238.1917 237.8071 237.4226 236.9957 236.5111 236.0179 235.4932 235 235 235 235 235 235 235 235 235 235.5642 236.206 236.8478 237.4896 238.1314 238.7732 239.387 239.9792 240.8856 241.8034 242.7212 243.729 244.7481 245.7597 246.884 248.0384 249.1927 250.1805 250.7806 251.3807 251.9808 252.581 253.1811 253.7812 254.3814 254.9945 255.6009 256.2026 256.8043 257.4059 258.0076 258.6093 259.211 259.8127 260 260 260 260 260 260 260 260 260 260 260 260 260 260 259.8856 259.6566 259.4276 259.1987 258.9697 258.6215 258.1169 257.6122 257.1076 256.6029 256.0983 255.5936 255.089 254.607 254.1298 253.6527 253.1756 252.7211 252.2903 251.8595 251.4286 250.9978 250.567 250.1362 249.7221 249.3158 248.9095 
239.8964 239.8973 239.8982 239.7158 239.4149 239.114 238.8131 238.5122 238.1768 237.7923 237.4077 237.0232 236.6386 236.2381 235.7535 235.2353 235 235 235 235 235 235 235 235 235 235.5609 236.2027 236.8444 237.4862 238.128 238.7698 239.4116 240.0321 240.95 241.9525 242.9717 243.9909 245.01 246.019 247.0702 248.2245 249.3789 250.2772 250.8774 251.4775 252.0776 252.6777 253.2779 253.878 254.5031 255.1261 255.6477 256.2099 256.8116 257.4133 258.015 258.6167 259.2184 259.82 260 260 260 260 260 260 260 259.8751 259.8423 259.8248 259.8072 259.7896 259.772 259.7545 259.6058 259.3967 259.175 258.946 258.717 258.4881 258.2591 257.8421 257.3375 256.8329 256.3282 255.8235 255.3189 254.8244 254.3472 253.8701 253.393 252.9516 252.5207 252.0899 251.6591 251.2283 250.7975 250.3666 249.9395 249.5332 249.1268 
239.3475 239.3484 239.3667 239.311 239.0154 238.7144 238.4136 238.1127 237.7774 237.3929 237.0083 236.6238 236.2393 235.8547 235.4702 235 235 235 235 235 235 235 235 235 235 235.5575 236.1993 236.8411 237.4828 238.1246 238.7664 239.4099 240.1947 241.1953 242.2145 243.2336 244.2528 245.2693 246.2783 247.2873 248.4107 249.5651 250.374 250.9742 251.5743 252.1744 252.7745 253.389 254.0443 254.6997 255.2826 255.8042 256.3258 256.8474 257.4207 258.0223 258.624 259.2257 259.8274 260 260 260 260 260 259.8874 259.7217 259.556 259.5162 259.4986 259.481 259.4634 259.4458 259.4294 259.2981 259.089 258.8799 258.6708 258.4618 258.2354 258.0064 257.7774 257.5485 257.0628 256.5581 256.0535 255.5488 255.0442 254.5646 254.0875 253.6128 253.182 252.7512 252.3204 251.8896 251.4587 251.0279 250.5971 250.1663 249.7505 249.3442 
238.7985 238.7994 238.8482 238.8251 238.6158 238.3149 238.014 237.7132 237.3781 236.9935 236.609 236.2244 235.8399 235.4553 235.0708 235 235 235 235 235 235 235 235 235 235 235.5541 236.1959 236.8377 237.4795 238.1873 238.9389 239.6905 240.533 241.4572 242.4764 243.4956 244.5148 245.5286 246.5376 247.5466 248.5969 249.7512 250.4708 251.0709 251.6711 252.275 252.9303 253.5856 254.2409 254.8962 255.439 255.9607 256.4823 257.0039 257.5256 258.0472 258.6314 259.2331 259.8347 260 260 260 259.8996 259.7339 259.5682 259.4026 259.2369 259.19 259.1724 259.1548 259.1372 259.1196 259.1043 258.9903 258.7813 258.5722 258.3631 258.154 257.9449 257.7359 257.5247 257.2958 257.0668 256.7881 256.2834 255.7787 255.2741 254.782 254.3049 253.8433 253.4125 252.9816 252.5508 252.12 251.6892 251.2584 250.8275 250.3967 249.9678 249.5615 
238.2496 238.2669 238.3297 238.3391 238.1772 237.9154 237.6145 237.3136 236.9787 236.5941 236.2096 235.825 235.4405 235.056 235 235 235 235 235 235 235 235 235 235 235 235.5508 236.2131 236.9647 237.7163 238.4679 239.2195 239.9711 240.8713 241.7775 242.7383 243.7575 244.7767 245.7879 246.7969 247.8059 248.815 249.9374 250.5676 251.1677 251.8163 252.4716 253.1269 253.7822 254.4375 255.0739 255.5955 256.1172 256.6388 257.1604 257.682 258.2037 258.7253 259.2469 259.8421 260 259.9118 259.7462 259.5805 259.4148 259.2491 259.0835 258.9178 258.8638 258.8462 258.8286 258.8111 258.7937 258.7793 258.6826 258.4735 258.2644 258.0554 257.8463 257.6372 257.4281 257.2191 257.01 256.8009 256.5852 256.3562 256.0087 255.504 254.9994 254.5223 254.0737 253.6429 253.2121 252.7813 252.3505 251.9196 251.4888 251.058 250.6272 250.1964 249.7789 
237.7007 237.7484 237.8112 237.8532 237.6913 237.5159 237.215 236.9141 236.5793 236.1947 235.8102 235.4257 235.0411 235 235 235 235 235 235 235 235 235 235 235 235 235.7246 236.4937 237.2453 237.9969 238.7485 239.5001 240.3034 241.2096 242.1158 243.022 244.0194 245.0382 246.0472 247.0562 248.0653 249.0743 250.0642 250.7022 251.3575 252.0128 252.6682 253.3235 253.9788 254.6341 255.2304 255.752 256.2736 256.7953 257.3169 257.8385 258.3602 258.8818 259.4034 259.8808 259.7584 259.5927 259.427 259.2614 259.0957 258.93 258.7643 258.5987 258.5377 258.5201 258.5025 258.4849 258.4686 258.4542 258.3748 258.1657 257.9567 257.7476 257.5385 257.3295 257.1204 256.9113 256.7023 256.4932 256.2841 256.075 255.866 255.6456 255.2293 254.7396 254.3042 253.8734 253.4426 253.0117 252.5809 252.1501 251.7193 251.2885 250.8576 250.4268 249.9962 
237.1671 237.2299 237.2927 237.3555 237.2054 237.0434 236.8155 236.5146 236.1799 235.7954 235.4108 235.0263 235 235 235 235 235 235 235 235 235 235 235 235 235.1224 235.8981 236.6738 237.4494 238.2251 239.0008 239.7765 240.6417 241.5479 242.4541 243.3602 244.2814 245.2975 246.3065 247.3156 248.3354 249.3629 250.2444 250.8988 251.5541 252.2094 252.8647 253.5201 254.1754 254.8307 255.3869 255.9085 256.4301 256.9518 257.4734 257.995 258.5166 259.0383 259.5085 259.622 259.4432 259.2736 259.1079 258.9423 258.7766 258.6109 258.4453 258.2796 258.2115 258.1939 258.1763 258.1587 258.1435 258.1292 258.0671 257.858 257.6489 257.4399 257.2308 257.0217 256.8127 256.6036 256.3945 256.1855 255.9764 255.7673 255.5582 255.3492 255.1401 254.9495 254.5346 254.1038 253.673 253.2422 252.8114 252.3805 251.9497 251.5189 251.0881 250.6573 250.2264 
236.6486 236.7114 236.7742 236.837 236.7195 236.5575 236.3956 236.1151 235.7805 235.396 235.0114 235 235 235 235 235 235 235 235 235 235 235 235 235 235.2958 236.0715 236.8472 237.6229 238.3986 239.2002 240.0794 241.0225 241.9203 242.8181 243.716 244.6138 245.5728 246.6003 247.6278 248.6553 249.6828 250.4446 251.0954 251.7507 252.406 253.0613 253.7166 254.3719 255.0217 255.5433 256.065 256.5866 257.1082 257.6299 258.1515 258.6731 259.1362 259.2979 259.3129 259.1341 258.9553 258.7888 258.6231 258.4575 258.2918 258.1261 257.9604 257.8853 257.8677 257.8501 257.8329 257.8185 257.8041 257.7593 257.5503 257.3412 257.1321 256.9231 256.714 256.5049 256.2958 256.0868 255.8777 255.6686 255.4596 255.2505 255.0414 255 255 254.6136 254.2223 253.831 253.4397 253.0418 252.611 252.1802 251.7493 251.3185 250.8877 250.4569 
236.1301 236.1929 236.2557 236.3185 236.2335 236.0716 235.9097 235.7156 235.3811 235 235 235 235 235 235 235 235 235 235 235 235 235 235 235 235.4692 236.2449 237.0206 237.7963 238.6546 239.5253 240.4435 241.4106 242.3084 243.2062 244.104 245.0019 245.9193 246.9201 247.9476 248.9751 250.0016 250.6449 251.292 251.9473 252.6026 253.2579 253.9132 254.5685 255.1782 255.6998 256.2214 256.7431 257.2647 257.7863 258.308 258.7639 258.9256 259.0872 259.0038 258.825 258.6462 258.4697 258.304 258.1384 257.9727 257.807 257.6413 257.5591 257.5415 257.5239 257.5078 257.4934 257.479 257.4516 257.2425 257.0334 256.8244 256.6153 256.4063 256.1972 255.9881 255.779 255.57 255.3609 255.1518 255 255 255 255 254.6691 254.2778 253.8864 253.4951 253.1038 252.7125 252.3212 251.9299 251.5386 251.1182 250.6873 
235.6116 235.6744 235.7372 235.8 235.7476 235.5857 235.4237 235.2618 235 235 235 235 235 235 235 235 235 235 235 235 235 235 235 235 235.6427 236.4184 237.2383 238.1089 238.9796 239.8503 240.8076 241.783 242.6965 243.5943 244.4921 245.3985 246.3159 247.24 248.2675 249.295 250.2019 250.8451 251.4885 252.1439 252.7992 253.4545 254.1098 254.7651 255.3347 255.8563 256.3779 256.8996 257.4212 257.9428 258.3915 258.5532 258.7149 258.8735 258.6947 258.5159 258.3371 258.1583 257.9849 257.8192 257.6536 257.4879 257.3222 257.2329 257.2153 257.1978 257.1827 257.1683 257.1539 257.1395 256.9348 256.7257 256.5166 256.3076 256.0985 255.8894 255.6804 255.4713 255.2622 255.0531 255 255 255 255 255 254.7245 254.3332 253.9419 253.5506 253.1593 252.768 252.3767 251.9854 251.5941 251.2028 250.8115 
235.0931 235.1559 235.2187 235.2814 235.2617 235.0997 234.9345 234.7639 234.6248 234.6795 234.7342 234.7888 234.8435 234.8981 234.9528 235 235 235 235 235 235 235 235 235.0404 235.8219 236.6926 237.5633 238.434 239.3046 240.1964 241.1718 242.1471 243.0846 243.9824 244.8802 245.795 246.7125 247.6299 248.5873 249.6148 250.4021 251.0453 251.6885 252.3404 252.9958 253.6511 254.3064 254.9617 255.4911 256.0128 256.5344 257.056 257.5777 258.0192 258.1809 258.3426 258.5043 258.5644 258.3856 258.2068 258.028 257.8492 257.6704 257.5001 257.3345 257.1688 257.0031 256.9067 256.8892 256.8721 256.8577 256.8433 256.8289 256.8145 256.627 256.418 256.2089 255.9998 255.7908 255.5817 255.3726 255.1635 255 255 255 255 255 255 255 254.7799 254.3886 253.9973 253.606 253.2147 252.8234 252.4321 252.0258 251.6031 251.1804 250.7919 
234.5429 234.6104 234.6778 234.7453 234.7579 234.5933 234.4227 234.2522 234.0816 234.0794 234.1341 234.1888 234.2434 234.2981 234.3528 234.4074 234.4621 234.5168 234.5714 234.6261 234.6808 234.7354 234.7901 235.2681 236.147 237.0177 237.8883 238.759 239.6297 240.5605 241.5359 242.5112 243.4727 244.3705 245.2742 246.1916 247.109 248.0265 248.9439 249.9347 250.6023 251.2455 251.8888 252.537 253.1923 253.8477 254.503 255.126 255.6476 256.1693 256.6909 257.2125 257.6469 257.8086 257.9703 258.132 258.2937 258.2553 258.0765 257.8977 257.7189 257.5401 257.3613 257.1825 257.0154 256.8497 256.684 256.5806 256.563 256.547 256.5326 256.5182 256.5038 256.4894 256.3193 256.1102 255.9012 255.6921 255.483 255.2739 255.0649 255 255 255 255 255 255 255 255 254.8354 254.4441 254.0428 253.6202 253.1975 252.7748 252.3522 251.9295 251.554 251.2135 250.873 
233.9858 234.0533 234.1207 234.1882 234.18 234.0763 233.911 233.7404 233.5699 233.4794 233.534 233.5887 233.6434 233.698 233.7527 233.8074 233.862 233.9167 233.9714 234.026 234.0807 234.2057 234.6367 235.3263 236.472 237.3427 238.2133 239.084 239.9547 240.9246 241.9 242.8753 243.8507 244.7586 245.6707 246.5882 247.5056 248.423 249.3428 250.1675 250.8026 251.4458 252.089 252.7336 253.3889 254.0442 254.6996 255.2825 255.8041 256.3257 256.8474 257.2746 257.4362 257.598 257.7597 257.9214 258.0831 257.9462 257.7674 257.5886 257.4098 257.231 257.0522 256.8734 256.6962 256.5306 256.3649 256.2544 256.2368 256.2219 256.2075 256.1931 256.1787 256.1643 256.0115 255.8025 255.5934 255.3843 255.1753 255 255 255 255 255 255 255 255 255 255 254.7919 254.3692 253.9466 253.5239 253.1013 252.6786 252.3161 251.9756 251.6351 251.2946 250.9541 
233.4287 233.4962 233.5636 233.6311 233.6022 233.4985 233.3948 233.2287 233.0581 232.8875 232.934 232.9886 233.0433 233.098 233.1526 233.2073 233.262 233.3166 233.3713 233.426 233.7019 234.1593 234.6614 235.3844 236.5645 237.6677 238.5384 239.4091 240.3134 241.2887 242.2641 243.2394 244.2148 245.1499 246.0673 246.9964 247.935 248.8736 249.8122 250.447 251.0058 251.646 252.2892 252.9324 253.5855 254.2408 254.8961 255.439 255.9606 256.4822 256.9022 257.0639 257.2256 257.3874 257.549 257.7108 257.8159 257.6371 257.4583 257.2795 257.1007 256.9219 256.7431 256.5643 256.3855 256.2115 256.0458 255.9282 255.9113 255.8969 255.8824 255.8681 255.8537 255.8392 255.7038 255.4947 255.2857 255.0766 255 255 255 255 255 255 255 255 255 255 255 254.6957 254.273 253.8503 253.4277 253.0781 252.7376 252.3972 252.0567 251.7162 251.3757 251.0352 
232.8716 232.9391 233.0065 233.074 233.0244 232.9206 232.8169 232.7132 232.5463 232.3758 232.3339 232.3886 232.4433 232.4979 232.5526 232.6073 232.6619 232.7166 232.9021 233.1982 233.6819 234.184 234.6862 235.4426 236.6226 237.8027 238.8634 239.7341 240.6775 241.6528 242.6282 243.6035 244.5971 245.5886 246.5272 247.4658 248.4044 249.343 250.1677 250.7265 251.2853 251.8462 252.4895 253.1327 253.7821 254.4374 255.0738 255.5954 256.1171 256.5299 256.6916 256.8533 257.015 257.1767 257.3384 257.5001 257.5069 257.328 257.1492 256.9704 256.7916 256.6128 256.434 256.2552 256.0764 255.8976 255.7267 255.602 255.5862 255.5718 255.5574 255.543 255.5286 255.5142 255.3961 255.187 255 255 255 255 255 255 255 255 255 255 255 255 255 254.5994 254.1807 253.8402 253.4997 253.1592 252.8188 252.4783 252.1378 251.7973 251.4568 251.1163 
232.2862 232.382 232.4494 232.5169 232.4465 232.3428 232.2391 232.1354 232.0317 231.864 231.7339 231.7885 231.8432 231.8979 231.9525 232.0072 232.1024 232.3984 232.7023 233.2045 233.7066 234.2088 234.7109 235.5007 236.6808 237.8608 239.0409 240.0662 241.0424 242.0387 243.0351 244.0314 245.0293 246.058 246.9966 247.9352 248.8738 249.8124 250.4471 251.0059 251.5647 252.1235 252.6897 253.3329 253.9787 254.634 255.2303 255.7519 256.1576 256.3193 256.481 256.6427 256.8044 256.9661 257.1278 257.2895 257.1978 257.019 256.8401 256.6613 256.4825 256.3037 256.1249 255.9461 255.7673 255.5885 255.4096 255.2759 255.2611 255.2467 255.2323 255.2179 255.2035 255.1891 255.0883 255 255 255 255 255 255 255 255 255 255 255 255 255 254.9427 254.6023 254.2618 253.9213 253.5808 253.2403 252.8999 252.5594 252.2189 251.8784 251.5379 251.1974 
231.6927 231.8249 231.8923 231.9598 231.8687 231.765 231.6613 231.5575 231.4538 231.3501 231.1817 231.1885 231.2431 231.2978 231.3525 231.5986 231.8947 232.2249 232.7271 233.2292 233.7314 234.2335 234.7357 235.5589 236.7389 237.919 239.099 240.4618 241.473 242.4694 243.4657 244.4621 245.4845 246.5274 247.466 248.4046 249.3432 250.1678 250.7266 251.2854 251.8442 252.403 252.9618 253.5331 254.1763 254.8306 255.3868 255.7853 255.947 256.1087 256.2704 256.4321 256.5938 256.7555 256.9172 257.0675 256.8886 256.7098 256.531 256.3522 256.1734 255.9946 255.8158 255.637 255.4582 255.2794 255.1005 254.946 254.9303 254.9146 254.8989 254.8832 254.8675 254.8518 254.873 254.9912 255 255 255 255 255 255 255 255 255 255 255 254.9207 254.7563 254.5986 254.3165 254.0024 253.6619 253.3215 252.981 252.6405 252.3 251.9595 251.619 251.2786 
231.0992 231.2387 231.3352 231.3945 231.2908 231.1871 231.0834 230.9797 230.876 230.7723 230.6686 230.5884 230.6431 230.7989 231.0949 231.3909 231.7475 232.2497 232.7518 233.254 233.7561 234.2583 234.7604 235.617 236.7971 237.9771 239.6122 240.8422 241.9037 242.9001 243.8964 244.8928 245.9396 246.9926 247.9354 248.874 249.8126 250.4472 251.006 251.5648 252.1236 252.6824 253.2412 253.8 254.3766 255.0216 255.4129 255.5746 255.7363 255.898 256.0598 256.2215 256.3831 256.5449 256.7066 256.7584 256.5796 256.4008 256.2219 256.0431 255.8643 255.6855 255.5067 255.3279 255.1491 254.9647 254.7524 254.5916 254.5759 254.5602 254.5445 254.5288 254.5131 254.4958 254.4829 254.6011 254.7193 254.8375 254.9557 255 255 255 255 255 255 255 254.873 254.7087 254.5443 254.3837 254.2275 253.9884 253.6854 253.3825 253.0621 252.7216 252.3811 252.0406 251.7001 251.3597 
230.5058 230.6453 230.7781 230.8167 230.713 230.6093 230.5056 230.4019 230.2982 230.1944 230.0907 230 230.2951 230.5912 230.8872 231.2701 231.7722 232.2744 232.7766 233.2787 233.7809 234.283 234.7852 235.6752 236.8552 238.4667 240.1441 241.2226 242.3011 243.3307 244.3271 245.3418 246.3948 247.4478 248.4048 249.3434 250.1679 250.7267 251.2855 251.8443 252.4031 252.9619 253.5207 254.0795 254.6383 255.0406 255.2023 255.364 255.5257 255.6874 255.8491 256.0108 256.1725 256.3342 256.4959 256.4493 256.2704 256.0916 255.9128 255.734 255.5552 255.3764 255.1976 255.0188 254.81 254.5977 254.3854 254.2372 254.2215 254.2058 254.1901 254.1744 254.1587 254.1364 254.1111 254.2109 254.3291 254.4473 254.5655 254.6837 254.8019 254.9201 254.8713 254.8132 254.755 254.7964 254.661 254.4966 254.3322 254.1688 254.0126 253.8564 253.6604 253.3574 253.0544 252.7514 252.4484 252.1217 251.7813 251.4408 
230 230.0518 230.1913 230.2389 230.1352 230.0314 230 230 230 230 230 230 230.0874 230.3835 230.7927 231.2948 231.797 232.2991 232.8013 233.3035 233.8056 234.3077 234.8099 235.7333 237.3212 239.0909 240.5245 241.603 242.6815 243.76 244.7578 245.797 246.8499 247.9029 248.8742 249.8128 250.4474 251.0062 251.565 252.1238 252.6826 253.2414 253.7827 254.2232 254.6636 255 255 255.1534 255.3151 255.4768 255.6385 255.8002 255.9619 256.1236 256.2853 256.1402 255.9614 255.7825 255.6037 255.4249 255.2461 255.0673 254.8676 254.6553 254.443 254.2307 254.0184 253.8829 253.8672 253.8515 253.8358 253.8201 253.8022 253.7769 253.7516 253.8208 253.939 254.0572 254.1754 254.2936 254.4118 254.4685 254.4104 254.3522 254.3489 254.4354 254.4489 254.2846 254.1202 253.9558 253.7977 253.6415 253.4853 253.3291 253.0293 252.7263 252.4234 252.1204 251.8174 251.5144 
230 230 230 230 230 230 230 230 230 230 230 230 230 230.3275 230.8277 231.3278 231.828 232.3282 232.8284 233.3286 233.8303 234.3325 234.8346 236.1757 237.9589 239.7432 240.9028 241.9834 243.0619 244.1404 245.1992 246.2521 247.3051 248.358 249.3436 250.168 250.7268 251.2856 251.8444 252.4032 252.865 253.3054 253.7459 254.1864 254.6268 255 255 255 255.1045 255.2662 255.4279 255.5896 255.7513 255.913 256.0099 255.8311 255.6523 255.4734 255.2946 255.1158 254.9252 254.7129 254.5006 254.2883 254.076 253.8637 253.6514 253.5285 253.5128 253.4971 253.4814 253.4657 253.4427 253.4174 253.3921 253.4307 253.5489 253.6671 253.7853 253.9035 254.0217 254.0076 253.9494 253.9014 253.9879 254.0745 254.161 254.0725 253.9082 253.7438 253.5828 253.4266 253.2704 253.1142 252.958 252.7013 252.3983 252.0953 251.7923 251.4893 
230 230 230 230 230 230 230 230 230 230 230 230 230 230.3058 230.957 231.6082 232.1475 232.6476 233.1478 233.648 234.1482 234.6484 235.5299 237.3142 238.892 240.1797 241.1687 242.2531 243.3374 244.4218 245.5311 246.6687 247.7602 248.8132 249.813 250.4475 251.0063 251.5068 251.9473 252.3877 252.8282 253.2686 253.7091 254.1496 254.5901 255 255 255 255 255.0556 255.2173 255.379 255.5407 255.7024 255.7008 255.522 255.3432 255.1644 254.9828 254.7705 254.5582 254.3459 254.1336 253.9213 253.709 253.4967 253.2843 253.1741 253.1584 253.1427 253.127 253.1085 253.0832 253.0579 253.0326 253.0406 253.1588 253.277 253.3952 253.5134 253.6048 253.5466 253.4885 253.5405 253.627 253.7135 253.8 253.8605 253.6961 253.5317 253.3679 253.2117 253.0555 252.8993 252.7431 252.5869 252.3732 252.0702 251.7672 251.4643 
230 230 230 230 230 230 230 230 230 230 230 230 230 230.2086 230.8598 231.511 232.1622 232.8134 233.4646 233.9675 234.4676 234.9678 236.634 238.0047 239.3755 240.5103 241.4477 242.5189 243.6033 244.6877 245.81 246.9476 248.0852 249.2228 250.1486 250.5762 250.9943 251.4123 251.8304 252.2485 252.6665 253.0846 253.5027 253.9207 254.3388 254.7569 255 255 255 255 255.0067 255.1684 255.3301 255.4918 255.3917 255.2129 255.0341 254.8281 254.6158 254.4035 254.1912 253.9789 253.7666 253.5543 253.342 253.1297 252.9173 252.8197 252.804 252.7883 252.7726 252.749 252.7237 252.6984 252.6731 252.6504 252.7686 252.8868 253.005 253.1232 253.1438 253.0857 253.093 253.1795 253.266 253.3525 253.4391 253.5256 253.4841 253.3197 253.1553 252.9968 252.8406 252.6844 252.5282 252.372 252.2158 252.0452 251.7422 251.4392 
230 230 230 230 230 230 230 230 230 230 230 230 230 230.1114 230.7626 231.4138 232.065 232.7162 233.3674 234.0186 234.6741 235.7467 237.1174 238.4882 239.8589 240.8409 241.7783 242.7848 243.8692 244.9536 246.0889 247.2265 248.3641 249.4546 250.1779 250.5543 250.9306 251.307 251.6834 252.0597 252.4361 252.8124 253.1937 253.6117 254.0298 254.4479 254.8659 255 255 255 255 255 255.1194 255.2614 255.0826 254.8857 254.6734 254.4611 254.2488 254.0365 253.8242 253.6119 253.3996 253.1873 252.975 252.7626 252.5503 252.4654 252.4497 252.434 252.4148 252.3895 252.3642 252.3389 252.3136 252.2884 252.3785 252.4967 252.6149 252.7331 252.6829 252.6455 252.732 252.8185 252.9051 252.9916 253.0781 253.1646 253.2512 253.1076 252.9433 252.7818 252.6256 252.4695 252.3132 252.157 252.0008 251.8447 251.6884 251.4141 
230 230 230 230 230 230 230 230 230 230 230 230 230 230.0142 230.6654 231.3514 232.0502 232.749 233.4478 234.1466 234.8454 236.2242 237.6009 238.9716 240.2341 241.1716 242.109 243.0506 244.135 245.2302 246.3678 247.5054 248.5752 249.6098 250.2344 250.6107 250.9871 251.3635 251.7398 252.1162 252.4925 252.8689 253.2453 253.6216 253.998 254.3743 254.738 254.9297 255 255 255 255 255 254.9434 254.731 254.5187 254.3064 254.0941 253.8818 253.6695 253.4572 253.2449 253.0326 252.8203 252.608 252.3956 252.1833 252.111 252.0953 252.0796 252.0553 252.03 252.0047 251.9794 251.9542 251.9289 251.9884 252.1066 252.2248 252.2801 252.222 252.2845 252.371 252.4576 252.5441 252.6306 252.7171 252.8037 252.8902 252.8956 252.7312 252.5669 252.4107 252.2545 252.0983 251.9421 251.7859 251.6297 251.4735 251.3173 
230 230 230 230 230 230 230 230 230 230 230 230 230 230.014 230.8239 231.5227 232.2215 232.9203 233.6191 234.3179 235.0377 236.6096 238.0844 239.4551 240.5648 241.5022 242.4396 243.377 244.4009 245.5091 246.6467 247.6958 248.7304 249.765 250.2908 250.6672 251.0436 251.4199 251.7963 252.1726 252.549 252.9254 253.3017 253.6781 254.0372 254.3485 254.5888 254.7031 254.8175 254.7533 254.6653 254.6106 254.556 254.5013 254.3473 254.1517 253.9394 253.7271 253.5148 253.3025 253.0902 252.8779 252.6656 252.4533 252.241 252.0286 251.8163 251.7566 251.7409 251.7211 251.6958 251.6705 251.6452 251.62 251.5947 251.5694 251.5983 251.7165 251.8347 251.8192 251.837 251.9236 252.0101 252.0966 252.1831 252.2697 252.3562 252.4427 252.5292 252.6158 252.5192 252.3548 252.1958 252.0396 251.8834 251.7272 251.571 251.4148 251.2586 251.1024 
230 230 230 230 230 230 230 230 230 230 230 230 230 230.0441 230.8667 231.6893 232.3929 233.0916 233.7905 234.4893 235.423 236.9949 238.5669 239.9386 240.8954 241.8328 242.7702 243.7076 244.6667 245.7819 246.8164 247.851 248.8856 249.9202 250.3473 250.7237 251.1 251.4764 251.8528 252.2291 252.6055 252.9818 253.3364 253.6477 253.959 254.1914 254.3622 254.4766 254.5522 254.4619 254.2211 254.1035 254.0488 253.9941 253.9298 253.7401 253.5504 253.3601 253.1478 252.9355 252.7232 252.5109 252.2986 252.0863 251.8739 251.6616 251.4493 251.4023 251.3866 251.3616 251.3363 251.3111 251.2858 251.2605 251.2352 251.2099 251.2081 251.3263 251.4164 251.3895 251.4761 251.5626 251.6491 251.7356 251.8222 251.9087 251.9952 252.0817 252.1683 252.2548 252.3071 252.1427 251.9809 251.8247 251.6685 251.5123 251.3561 251.1999 251.0437 250.8875 
230 230 230 230 230 230 230 230 230 230 230 230 230 230.0742 230.8968 231.7194 232.542 233.263 233.9618 234.6606 235.8084 237.3803 238.9523 240.2886 241.226 242.1605 243.0682 243.9759 244.8837 245.9371 246.9716 248.0062 249.0408 250.0274 250.4038 250.7801 251.1565 251.5329 251.9092 252.2856 252.6357 252.9469 253.2582 253.5634 253.7935 254.0213 254.1357 254.2465 254.2608 254.1706 253.9298 253.6889 253.5416 253.4869 253.4322 253.3227 253.133 252.9433 252.7536 252.5639 252.3562 252.1439 251.9316 251.7193 251.5069 251.2946 251.0823 251.0479 251.0274 251.0021 250.9769 250.9516 250.9263 250.901 250.8757 250.8504 250.8251 250.9362 250.9554 251.0286 251.1151 251.2016 251.2882 251.3747 251.4612 251.5477 251.6343 251.7208 251.8073 251.8938 251.9804 251.9307 251.7663 251.6098 251.4536 251.2974 251.1412 250.985 250.8288 250.6726 
230 230 230 230 230 230 230 230 230 230 230 230 230 230.1043 230.9269 231.7495 232.5721 233.3947 234.1331 234.8319 236.1938 237.7657 239.1937 240.3863 241.2975 242.2052 243.1129 244.0206 244.9284 246.0352 247.1268 248.1614 249.196 250.0839 250.4602 250.8366 251.213 251.5893 251.9349 252.2462 252.5574 252.8687 253.1655 253.3956 253.6257 253.7947 253.9091 253.9551 253.9695 253.8793 253.6384 253.3976 253.1568 252.9797 252.925 252.8704 252.7155 252.5258 252.3362 252.1465 251.9568 251.7671 251.5646 251.3522 251.1399 250.9276 250.7153 250.6932 250.6679 250.6427 250.6174 250.5921 250.5668 250.5415 250.5162 250.491 250.4657 250.5461 250.5811 250.6676 250.7542 250.8407 250.9272 251.0137 251.1003 251.1868 251.2733 251.3598 251.4464 251.5329 251.6194 251.7059 251.5543 251.3949 251.2387 251.0825 250.9263 250.7701 250.6139 250.4577 
230 230 230 230 230 230 230 230 230 230 230 230 230 230.1344 230.957 231.7796 232.6022 233.4248 234.2474 235.0072 236.491 237.8593 239.2277 240.4097 241.3422 242.2499 243.1577 244.0654 244.9731 246.0906 247.2144 248.3166 249.3512 250.1403 250.5167 250.8931 251.2341 251.5454 251.8566 252.1679 252.4792 252.7676 252.9977 253.2278 253.4538 253.5682 253.6494 253.6637 253.6781 253.5879 253.3471 253.1063 252.8654 252.6246 252.4179 252.3632 252.2981 252.1084 251.9187 251.729 251.5394 251.3497 251.16 250.9703 250.7729 250.5606 250.3548 250.3337 250.3085 250.2832 250.2579 250.2326 250.2073 250.182 250.1567 250.1315 250.1062 250.1336 250.2201 250.3067 250.3932 250.4797 250.5662 250.6528 250.7393 250.8258 250.9123 250.9989 251.0854 251.1719 251.2584 251.345 251.3422 251.18 251.0238 250.8676 250.7114 250.5552 250.399 250.2428 
230 230 230 230 230 230 230 230 230 230 230 230 230 230.1645 230.9871 231.8097 232.6323 233.4549 234.2775 235.1697 236.525 237.8933 239.2617 240.4331 241.3737 242.2946 243.2024 244.1101 245.0221 246.146 247.2698 248.3937 249.5064 250.1968 250.5333 250.8446 251.1559 251.4671 251.7784 252.0897 252.3697 252.5998 252.8299 253.06 253.2273 253.3416 253.358 253.3724 253.3867 253.2966 253.0558 252.8149 252.5741 252.3333 252.0925 251.856 251.8013 251.6909 251.5013 251.3116 251.1219 250.9322 250.7425 250.5528 250.3632 250.1735 249.9995 249.9694 249.9394 249.9094 249.8793 249.8493 249.8193 249.7892 249.7592 249.7292 249.6991 249.7626 249.853 249.9433 250.0322 250.1187 250.2053 250.2918 250.3783 250.4648 250.5514 250.6379 250.7244 250.811 250.8975 250.984 251.0705 250.9658 250.8089 250.6526 250.4964 250.3403 250.1841 250.0278 
230 230 230 230 230 230 230 230 230 230 230 230 230 230.1946 231.0172 231.8398 232.6624 233.485 234.3077 235.2343 236.559 237.9273 239.2957 240.4565 241.3971 242.3376 243.2471 244.1548 245.0775 246.2013 247.3252 248.449 249.5398 250.1438 250.4551 250.7664 251.0777 251.3889 251.7002 251.9718 252.2019 252.4319 252.662 252.8864 253.0007 253.0523 253.0667 253.081 253.0954 253.0052 252.7644 252.5236 252.2828 252.0419 251.8011 251.5603 251.3195 251.2394 251.0838 250.8941 250.7044 250.5148 250.3251 250.1354 249.9496 249.7738 249.6062 249.5424 249.5124 249.4824 249.4523 249.4223 249.3923 249.3622 249.3322 249.3022 249.2927 249.3858 249.4761 249.5665 249.6568 249.7471 249.8375 249.9278 250.0174 250.1039 250.1904 250.2769 250.3635 250.45 250.5365 250.623 250.7096 250.7538 250.5939 250.4377 250.2815 250.1253 250 250 
230 230 230 230 230 230 230 230 230 230 230 230 230 230.2247 231.0473 231.8699 232.6925 233.5151 234.3493 235.2989 236.6101 237.9613 239.3297 240.4799 241.4204 242.361 243.2918 244.1996 245.1329 246.2567 247.3806 248.4692 249.3248 250.0656 250.3769 250.6882 250.9994 251.3107 251.5739 251.8039 252.034 252.2641 252.4942 252.6598 252.7466 252.7609 252.7753 252.7896 252.804 252.7139 252.4731 252.2322 251.9914 251.7506 251.5098 251.2689 251.0281 250.7873 250.6663 250.4767 250.287 250.0973 249.9143 249.7384 249.5625 249.3867 249.2213 249.1155 249.0854 249.0554 249.0254 248.9953 248.9653 248.9353 248.9052 248.8752 248.9151 249.0082 249.0993 249.1896 249.28 249.3703 249.4606 249.5509 249.6413 249.7316 249.8219 249.9123 250.0025 250.089 250.1756 250.2621 250.3486 250.4351 250.379 250.2228 250.0666 250 250 249.9963 
230 230 230 230 230 230 230 230 230 230 230 230 230 230.2548 231.0774 231.9 232.7226 233.5479 234.3908 235.3635 236.6747 237.9954 239.3637 240.5032 241.4438 242.3844 243.325 244.2443 245.1882 246.3121 247.3987 248.2542 249.1098 249.9653 250.2986 250.6099 250.9212 251.1759 251.406 251.6361 251.8662 252.0963 252.3189 252.4332 252.4552 252.4696 252.4839 252.4983 252.5126 252.4225 252.1817 251.9409 251.7001 251.4592 251.2184 250.9776 250.7368 250.4959 250.2551 250.0592 249.879 249.7031 249.5272 249.3513 249.1754 248.9996 248.8363 248.7244 248.6584 248.6284 248.5984 248.5683 248.5383 248.5083 248.4782 248.4482 248.5375 248.6306 248.7225 248.8128 248.9031 248.9935 249.0838 249.1741 249.2645 249.3548 249.4451 249.5354 249.6258 249.7161 249.8064 249.8968 249.9871 250.0742 250.1607 250.0079 250 249.9899 249.9366 249.8689 
230 230 230 230 230 230 230 230 230 230 230 230 230 230.2849 231.1075 231.9301 232.7527 233.5894 234.4323 235.4281 236.7393 238.0505 239.3978 240.5266 241.4672 242.4078 243.3484 244.289 245.2436 246.3282 247.1837 248.0392 248.8948 249.7503 250.2204 250.5317 250.778 251.0081 251.2382 251.4683 251.6984 251.9285 252.0923 252.1495 252.1639 252.1782 252.1926 252.2069 252.2213 252.1312 251.8904 251.6496 251.4087 251.1679 250.9271 250.6863 250.4454 250.2046 249.9597 249.6916 249.4919 249.316 249.1401 248.9642 248.7883 248.6125 248.4513 248.3394 248.2315 248.2014 248.1714 248.1414 248.1113 248.0813 248.0513 248.0667 248.1599 248.2531 248.3456 248.4359 248.5263 248.6166 248.7069 248.7973 248.8876 248.9779 249.0683 249.1586 249.2489 249.3393 249.4296 249.5199 249.6103 249.7006 249.8099 249.8439 249.7906 249.7372 249.6838 249.6718 
230 230 230 230 230 230 230 230 230 230 230 230 230 230.315 231.1376 231.9602 232.7881 233.631 234.4739 235.4928 236.8039 238.1151 239.4318 240.55 241.4906 242.4312 243.3717 244.3123 245.2577 246.1132 246.9687 247.8242 248.6798 249.5353 250.1422 250.3801 250.6102 250.8403 251.0704 251.3005 251.5306 251.7514 251.8438 251.8581 251.8725 251.8868 251.9012 251.9155 251.9299 251.8399 251.599 251.3582 251.1174 250.8766 250.6357 250.3949 250.1541 249.9034 249.6354 249.3673 249.1048 248.9289 248.753 248.5771 248.4012 248.2253 248.0663 247.9544 247.8425 247.7744 247.7444 247.7144 247.6843 247.6543 247.6243 247.6891 247.7823 247.8755 247.9686 248.0591 248.1494 248.2398 248.3301 248.4204 248.5108 248.6011 248.6914 248.7818 248.8721 248.9624 249.0527 249.1431 249.2334 249.3658 249.5111 249.5912 249.5378 249.4844 249.431 249.418 
230 230 230 230 230 230 230 230 230 230 230 230 230 230.3451 231.1677 231.9903 232.8296 233.6725 234.5154 235.5574 236.8685 238.1797 239.4848 240.5162 241.4086 242.3009 243.1933 244.0857 244.8943 245.7491 246.6136 247.478 248.3425 249.207 249.9461 250.2123 250.4424 250.6725 250.9026 251.1326 251.3627 251.5248 251.5524 251.5668 251.5811 251.5955 251.6098 251.6242 251.6385 251.5485 251.3077 251.0669 250.826 250.5852 250.3444 250.1036 249.8472 249.5791 249.311 249.043 248.7749 248.5418 248.3659 248.19 248.0141 247.8382 247.6813 247.5694 247.4575 247.3475 247.3174 247.2874 247.2574 247.2273 247.2184 247.3115 247.4047 247.4979 247.591 247.6823 247.7726 247.8629 247.9533 248.0436 248.1339 248.2243 248.3146 248.4049 248.4953 248.5856 248.6759 248.7763 248.9217 249.067 249.2124 249.3384 249.285 249.2316 249.1783 249.1641 
230 230 230 230 230 230 230 230 230 230 230 230 230 230.3752 231.1978 232.0283 232.8712 233.7141 234.5495 235.4631 236.7206 237.978 239.1866 240.2167 241.1091 242.0015 242.8939 243.7387 244.5307 245.3523 246.2168 247.0813 247.9457 248.7402 249.4375 250.0445 250.2746 250.5047 250.7347 250.9648 251.1839 251.2467 251.2611 251.2754 251.2898 251.3041 251.3185 251.3328 251.3472 251.2572 251.0164 250.7755 250.5347 250.2939 250.0531 249.791 249.5229 249.2548 248.9867 248.7186 248.4505 248.1824 247.9788 247.8029 247.627 247.4511 247.2963 247.1844 247.0725 246.9606 246.8904 246.8604 246.8304 246.8003 246.8408 246.9339 247.0271 247.1203 247.2135 247.3054 247.3958 247.4861 247.5764 247.6667 247.7571 247.8474 247.9377 248.0281 248.1184 248.2087 248.3322 248.4775 248.6229 248.7682 248.9136 249.0589 249.0322 248.9789 248.9255 248.9103 
230 230 230 230 230 230 230 230 230 230 230 230 230 230.4053 231.2279 232.0698 232.9127 233.6949 234.4081 235.2138 236.4712 237.7287 238.826 239.9004 240.8097 241.702 242.5831 243.3752 244.1672 244.9593 245.82 246.6845 247.5343 248.2316 248.9289 249.6262 250.1067 250.3368 250.5669 250.797 250.941 250.9554 250.9697 250.984 250.9984 251.0127 251.0271 251.0414 251.0558 250.9659 250.725 250.4842 250.2434 250.0025 249.7347 249.4667 249.1986 248.9305 248.6624 248.3943 248.1262 247.8581 247.5917 247.4158 247.2399 247.064 246.9113 246.7995 246.6876 246.5757 246.4638 246.4334 246.4034 246.3734 246.4632 246.5564 246.6495 246.7427 246.8359 246.9286 247.0189 247.1093 247.1996 247.2899 247.3802 247.4706 247.5609 247.6512 247.7427 247.888 248.0334 248.1787 248.3241 248.4694 248.6148 248.7601 248.7795 248.7261 248.6727 248.6564 
230 230 230 230 230 230 230 230 230 230 230 230 230 230.4354 231.2684 232.1113 232.8403 233.5535 234.2667 234.9798 236.2219 237.3912 238.4655 239.5399 240.5102 241.4026 242.2196 243.0116 243.8037 244.5957 245.4233 246.2877 247.0256 247.7229 248.4202 249.1176 249.8149 250.169 250.3991 250.6165 250.6496 250.664 250.6783 250.6927 250.707 250.7214 250.7357 250.7501 250.7644 250.6745 250.4337 250.1929 249.9466 249.6785 249.4104 249.1423 248.8743 248.6062 248.3381 248.07 247.8019 247.5338 247.2657 247.0287 246.8528 246.6769 246.5264 246.4145 246.3026 246.1907 246.0788 246.0064 245.9764 245.9924 246.0856 246.1788 246.2719 246.3651 246.4583 246.5514 246.6421 246.7324 246.8227 246.9131 247.0034 247.0937 247.1841 247.2986 247.4439 247.5892 247.7346 247.8799 248.0253 248.1706 248.316 248.4613 248.5267 248.4733 248.4199 248.4026 
230 230 230 230 230 230 230 230 230 230 230 230 230 230.4671 231.2725 231.9857 232.6989 233.4121 234.1252 234.8384 235.9564 237.0307 238.1051 239.1794 240.2108 241.064 241.856 242.6481 243.4402 244.2322 245.0265 245.8197 246.517 247.2143 247.9116 248.6089 249.3062 250.0012 250.2313 250.3439 250.3583 250.3726 250.387 250.4013 250.4157 250.43 250.4444 250.4587 250.4731 250.3832 250.1423 249.8904 249.6223 249.3542 249.0861 248.818 248.5499 248.2818 248.0137 247.7457 247.4776 247.2095 246.9414 246.6733 246.4657 246.2898 246.1414 246.0295 245.9176 245.8057 245.6938 245.5819 245.5494 245.6148 245.708 245.8012 245.8943 245.9875 246.0807 246.1738 246.2652 246.3556 246.4459 246.5362 246.6266 246.7169 246.8544 246.9998 247.1451 247.2905 247.4358 247.5812 247.7265 247.8719 248.0172 248.1626 248.2739 248.2206 248.1672 248.1487 
230 230 230 230 230 230 230 230 230 230 230 230 230 230.398 231.1083 231.8185 232.5288 233.239 233.9493 234.6595 235.5493 236.6249 237.7004 238.7759 239.8515 240.6342 241.4067 242.1792 242.9517 243.7242 244.4967 245.2376 245.949 246.6603 247.3717 248.083 248.7944 249.4949 250.0382 250.0526 250.0669 250.0812 250.0956 250.1099 250.1243 250.1386 250.153 250.1673 250.1817 250.0918 249.8341 249.566 249.298 249.0299 248.7618 248.4937 248.2256 247.9575 247.6894 247.4213 247.1532 246.8852 246.6171 246.349 246.0809 245.9027 245.7564 245.6445 245.5326 245.4207 245.3088 245.1969 245.1441 245.2372 245.3304 245.4236 245.5168 245.6099 245.7031 245.7962 245.8884 245.9787 246.0691 246.1594 246.2649 246.4103 246.5556 246.701 246.8463 246.9917 247.137 247.2824 247.4277 247.5731 247.7184 247.8638 248.0091 247.9678 247.9144 247.8949 
230 230 230 230 230 230 230 230 230 230 230 230 230 230 230.7085 231.4187 232.129 232.8392 233.5495 234.2479 234.9204 235.9483 237.0238 238.0994 239.1627 239.9111 240.6807 241.4532 242.2257 242.9982 243.7708 244.5226 245.2583 245.9697 246.681 247.3924 248.1037 248.6638 249.18 249.8143 250 250 250 250 250 250 250 250 249.9408 249.7528 249.4917 249.2306 248.9695 248.7056 248.4375 248.1694 247.9013 247.6332 247.3651 247.097 246.8289 246.5608 246.2928 246.0247 245.7566 245.5156 245.3714 245.2595 245.1476 245.0357 244.9011 244.7557 244.6989 244.819 244.9391 245.046 245.1392 245.2323 245.3255 245.4187 245.5116 245.6019 245.6922 245.8208 245.9662 246.1115 246.2568 246.4022 246.5475 246.6929 246.8382 246.9836 247.1289 247.2743 247.4196 247.565 247.7103 247.715 247.6616 247.641 
230 230 230 230 230 230 230 230 230 230 230 230 230 230 230.3087 231.0189 231.7292 232.4394 233.1497 233.8248 234.4974 235.2718 236.3473 237.4228 238.4594 239.2078 239.9561 240.7272 241.4997 242.2723 243.0448 243.7947 244.5444 245.279 245.9904 246.5879 247.1041 247.6203 248.1364 248.7095 249.3705 249.9761 250 250 250 250 249.8418 249.6009 249.36 249.2507 249.0869 248.8258 248.5647 248.3036 248.0425 247.7814 247.5203 247.2592 246.9981 246.737 246.476 246.2149 245.9538 245.6927 245.4316 245.1642 244.9824 244.837 244.6917 244.5464 244.401 244.2557 244.2119 244.332 244.4522 244.5724 244.6925 244.8127 244.9328 245.0411 245.1342 245.2313 245.3767 245.522 245.6674 245.8127 245.9581 246.1034 246.2487 246.3941 246.5394 246.6848 246.8301 246.9755 247.1208 247.2662 247.4115 247.4622 247.4089 247.3872 
230 230 230 230 230 230 230 230 230 230 230 230 230 230 230 230.6191 231.3294 232.0396 232.7291 233.4017 234.0743 234.7469 235.6708 236.7463 237.7562 238.5045 239.2529 240.0013 240.7738 241.5463 242.3172 243.0668 243.8165 244.5254 245.0281 245.5443 246.0605 246.5767 247.0928 247.609 248.2657 248.8047 248.9316 249.0586 249.2471 249.5018 249.2609 249.02 248.7791 248.6975 248.6821 248.421 248.1599 247.8988 247.6377 247.3766 247.1155 246.8544 246.5933 246.3322 246.0711 245.81 245.549 245.2879 245.0268 244.7242 244.4857 244.337 244.1917 244.0463 243.901 243.7557 243.7249 243.8451 243.9652 244.0854 244.2056 244.3257 244.4459 244.566 244.6958 244.8963 245.0779 245.2232 245.3686 245.5139 245.6593 245.8046 245.95 246.0953 246.2406 246.386 246.5313 246.6767 246.822 246.9674 247.1127 247.2095 247.1561 247.1333 
